time,index,x_angle,y_angle,z_angle,x,y,z
0:00:00.210900,0,289.1890169323323,54.81675454820949,303.6562791036831,0.6648591160774231,0.667624831199646,0.010737914592027664 
0:00:00.210900,1,304.1110405258093,83.02853759016797,275.78099496767015,0.6173025369644165,0.6628101468086243,0.013999054208397865 
0:00:00.210900,2,87.19229608654267,87.3501444066939,267.353320873354,0.5824251770973206,0.6644223928451538,0.01407812349498272 
0:00:00.210900,3,107.45345642051485,76.05055540721715,256.66932758763795,0.5569983720779419,0.6704474091529846,0.012183822691440582 
0:00:00.210900,4,202.51571152974043,279.1093963919838,86.48639605837805,0.5941206216812134,0.6681680679321289,0.006685271393507719 
0:00:00.210900,5,121.16333400598549,68.5179317938078,251.38862895480747,0.5471071004867554,0.6840002536773682,-0.0028891987167298794 
0:00:00.210900,6,131.8606255301023,65.12418991319217,250.9487345245903,0.5178664922714233,0.6940978765487671,-0.011936759576201439 
0:00:00.210900,7,122.0772936518986,63.78227923867373,247.35093916385614,0.4952133893966675,0.7035502195358276,-0.017860984429717064 
0:00:00.210900,8,303.8519731762288,283.87325474515086,78.40874063625058,0.5991460084915161,0.6822324395179749,-0.003561954014003277 
0:00:00.210900,9,112.97934618887815,72.88185507509195,254.1694867058379,0.5489289164543152,0.6964713335037231,-0.009599949233233929 
0:00:00.210900,10,117.10548508127478,71.02341501420175,252.98049460342645,0.5168235301971436,0.7062988877296448,-0.01463015004992485 
0:00:00.210900,11,116.87724315652272,67.4880098882521,249.71126457292024,0.4916699230670929,0.7155978679656982,-0.019343148916959763 
0:00:00.210900,12,291.2990544025819,277.32010881551133,83.17498865437767,0.6099205017089844,0.7014449834823608,-0.013825438916683197 
0:00:00.210900,13,114.32445282232969,76.32251925918591,257.49676251630234,0.5613259077072144,0.7122210264205933,-0.01869654655456543 
0:00:00.210900,14,116.0259784080006,73.61199365405467,255.19704541576658,0.5337797999382019,0.7195005416870117,-0.02225109003484249 
0:00:00.210900,15,125.8696920088077,73.97567424359627,256.8983856023487,0.5123270750045776,0.7244933843612671,-0.025861281901597977 
0:00:00.210900,16,32.055589447570775,271.5115598690883,90.80238173014092,0.6255600452423096,0.7260792255401611,-0.0233288761228323 
0:00:00.210900,17,135.67113002840262,74.21028742984217,258.8224529910144,0.5940935611724854,0.7322969436645508,-0.02969398908317089 
0:00:00.210900,18,164.90379311016156,81.38367858851771,267.7400620361611,0.5714200139045715,0.733191728591919,-0.03301108255982399 
0:00:00.210900,19,162.83415959881046,82.45943363781004,267.7626879609348,0.5514187216758728,0.7339731454849243,-0.03554077073931694 
0:00:00.210900,20,None,None,None,0.5514187216758728,0.7339731454849243,-0.03554077073931694 
0:00:00.260350,0,292.0728837120831,59.126334621488965,298.9883862777878,0.6637985706329346,0.6756138205528259,0.010038270615041256 
0:00:00.260350,1,330.49183971626115,85.74297218442564,272.09971487747544,0.6133831143379211,0.6737654209136963,0.013304220512509346 
0:00:00.260350,2,301.58610762228835,88.22982502976828,271.5080621783753,0.5766808390617371,0.6727991700172424,0.013898339122533798 
0:00:00.260350,3,249.84970512244,83.37920767307207,276.2188256875329,0.5503336787223816,0.6699281930923462,0.012844852171838284 
0:00:00.260350,4,181.5501230876875,285.9124219320676,89.55813512831344,0.5957396030426025,0.6695780158042908,-9.52719638007693e-05 
0:00:00.260350,5,121.47427401510708,68.77579913868452,251.67395250379178,0.5501014590263367,0.6846944093704224,-0.009349276311695576 
0:00:00.260350,6,120.55677009784007,66.33782066556886,249.32700106551923,0.5186915397644043,0.6965463161468506,-0.016346409916877747 
0:00:00.260350,7,114.27766919920114,63.27387300393008,245.3453661068828,0.49361157417297363,0.7080577611923218,-0.0215386264026165 
0:00:00.260350,8,292.6889351855599,283.92861584684925,77.11186677396553,0.6011810898780823,0.6834444999694824,-0.011248260736465454 
0:00:00.260350,9,125.71044281383777,72.77899766586326,255.87346102055048,0.5513211488723755,0.6959930062294006,-0.020268745720386505 
0:00:00.260350,10,117.38927227159593,66.22354286021826,248.6357798426194,0.5184147953987122,0.7088651657104492,-0.026937982067465782 
0:00:00.260350,11,114.78803664110399,64.49596359712169,246.58218141291178,0.49131107330322266,0.7206040024757385,-0.03235911205410957 
0:00:00.260350,12,301.8828720644403,279.4559329939891,81.95036844555021,0.6125587224960327,0.7034566402435303,-0.021692929789423943 
0:00:00.260350,13,131.09991172945348,75.6324435232828,259.0746968098732,0.5649797320365906,0.7126407027244568,-0.02970467321574688 
0:00:00.260350,14,119.63016020306377,69.30123512168598,251.8180072658741,0.5361161231994629,0.7221205234527588,-0.03509656339883804 
0:00:00.260350,15,125.15989144337271,70.75810790239086,254.07279940864174,0.5123409628868103,0.7289052605628967,-0.03987555950880051 
0:00:00.260350,16,8.363682345535636,274.33657854439315,90.63196273028058,0.6290020942687988,0.7301920652389526,-0.031122948974370956 
0:00:00.260350,17,151.87169085944325,71.74009268864693,261.15846727973104,0.5987676382064819,0.7348950505256653,-0.039920393377542496 
0:00:00.260350,18,155.50152269032907,76.92714492659576,264.4999777609062,0.5760361552238464,0.7370838522911072,-0.044723618775606155 
0:00:00.260350,19,169.57961313482124,79.72971069044632,268.1229396188031,0.5550916194915771,0.7377702593803406,-0.04845607653260231 
0:00:00.260350,20,None,None,None,0.5550916194915771,0.7377702593803406,-0.04845607653260231 
0:00:00.309553,0,289.50177280719356,59.94892244688999,298.60581517454204,0.6619203090667725,0.6714779734611511,0.008527585305273533 
0:00:00.309553,1,340.1944852618336,87.3789303635163,270.8886418061751,0.6108502745628357,0.6706858277320862,0.010727190412580967 
0:00:00.309553,2,84.74244800391301,88.1599211404615,268.16765732443207,0.5738797783851624,0.6718685626983643,0.010836025699973106 
0:00:00.309553,3,233.23349338577475,84.1190971267518,274.717010071138,0.5478647351264954,0.6697219610214233,0.009232118725776672 
0:00:00.309553,4,186.49398387412438,286.77602792726054,88.0472602267638,0.5955782532691956,0.6680951714515686,-0.005059371702373028 
0:00:00.309553,5,126.43653236391036,66.63620091444804,250.83553874355815,0.5515031814575195,0.6834130883216858,-0.016367796808481216 
0:00:00.309553,6,126.8257384537109,66.10059006508189,250.47009070001735,0.5194170475006104,0.694794237613678,-0.024889960885047913 
0:00:00.309553,7,120.21035038445905,63.94224376970983,247.09256115037027,0.4935971796512604,0.705704927444458,-0.031242772936820984 
0:00:00.309553,8,305.31020111081335,283.6387369899804,78.80009180734677,0.6019693613052368,0.684246838092804,-0.01604386232793331 
0:00:00.309553,9,133.43294217406978,71.70806361139523,256.5016913363835,0.5527193546295166,0.6960691809654236,-0.0272365789860487 
0:00:00.309553,10,124.47152997391163,67.36505006419061,251.02918733354832,0.5190077424049377,0.7076578140258789,-0.03519275039434433 
0:00:00.309553,11,120.27531210182195,65.54331342645544,248.5559498294086,0.4910022020339966,0.718657910823822,-0.04161433130502701 
0:00:00.309553,12,319.2794309984789,279.3947255625794,83.83948495376573,0.6142635941505432,0.7053533792495728,-0.026157613843679428 
0:00:00.309553,13,144.0549766383137,74.77009198507439,260.9200128662594,0.5672615170478821,0.7128650546073914,-0.0365174375474453 
0:00:00.309553,14,129.77831833965965,71.19496755470607,255.33443538069707,0.537177324295044,0.7207381725311279,-0.04307202622294426 
0:00:00.309553,15,133.82831053008323,72.66292401702036,257.30822199957606,0.5124667286872864,0.726303219795227,-0.048413995653390884 
0:00:00.309553,16,23.321576118281133,276.9071208537755,92.7456895440492,0.6314360499382019,0.7320087552070618,-0.035179611295461655 
0:00:00.309553,17,166.7024852041745,70.10570220427913,265.2419153308955,0.6000044941902161,0.734624981880188,-0.04624917358160019 
0:00:00.309553,18,170.21337289763633,75.3736703758702,267.4600378372843,0.5770264863967896,0.7356442809104919,-0.05215850844979286 
0:00:00.309553,19,182.83222915265955,78.19227919629392,270.5918196736994,0.556161105632782,0.7354287505149841,-0.05651511996984482 
0:00:00.309553,20,None,None,None,0.556161105632782,0.7354287505149841,-0.05651511996984482 
0:00:00.361407,0,290.9858050300714,58.341526537866976,299.9295262955292,0.6613827347755432,0.6695980429649353,0.009431157261133194 
0:00:00.361407,1,8.543893809060242,86.4187070831468,269.467259257175,0.610921323299408,0.6700672507286072,0.012554330751299858 
0:00:00.361407,2,60.74059936722418,86.41372395933111,266.87030015765123,0.5748040080070496,0.6720420718193054,0.013660709373652935 
0:00:00.361407,3,258.6667451046981,83.23726795654335,276.6320501738628,0.54932701587677,0.6690798401832581,0.013067008927464485 
0:00:00.361407,4,183.11335222848422,291.86839034846946,88.75124776162494,0.5945562720298767,0.6680939197540283,-0.005059263668954372 
0:00:00.361407,5,124.03818746123376,66.94053136778126,250.56905383514479,0.5506057143211365,0.6835980415344238,-0.015531967394053936 
0:00:00.361407,6,124.35354026062565,66.86956142099298,250.5745714701992,0.5192205905914307,0.6946661472320557,-0.023097282275557518 
0:00:00.361407,7,116.85515143520448,63.474019703858644,245.9958491391403,0.4945787489414215,0.7056395411491394,-0.02865360677242279 
0:00:00.361407,8,300.0839500437534,283.2438621927225,78.48904851149187,0.601499080657959,0.6838650703430176,-0.016039535403251648 
0:00:00.361407,9,131.35709174976145,71.96140634622728,256.2636580345038,0.5519170165061951,0.6959851980209351,-0.02670874446630478 
0:00:00.361407,10,122.0898828740929,66.91500513510105,250.1450485846499,0.5184067487716675,0.7080859541893005,-0.03429655730724335 
0:00:00.361407,11,117.03871665686353,64.07690951366055,246.59008371106282,0.4914270043373108,0.7197666764259338,-0.04025812819600105 
0:00:00.361407,12,313.1841707820535,279.7065832525397,82.89058605901621,0.6141670346260071,0.7044581174850464,-0.025890391319990158 
0:00:00.361407,13,139.51402240854458,74.56719214546804,259.8384004456303,0.5676968693733215,0.7127872705459595,-0.03564741089940071 
0:00:00.361407,14,128.4391986989903,70.25615244712141,254.29788703673984,0.537699818611145,0.7212202548980713,-0.0423407107591629 
0:00:00.361407,15,131.96460482462626,71.37944018306375,255.9350717955977,0.5138355493545532,0.7271990180015564,-0.04771732911467552 
0:00:00.361407,16,13.264971049255736,276.5799104283604,91.51611004602107,0.6317193508148193,0.730319082736969,-0.03448238968849182 
0:00:00.361407,17,158.73639128528603,68.93074402057982,262.0464006365461,0.6012048125267029,0.7345824241638184,-0.045437850058078766 
0:00:00.361407,18,163.35780418143526,74.07514855687087,265.32840874060093,0.5787943005561829,0.7364137172698975,-0.05156431719660759 
0:00:00.361407,19,172.61167932088858,77.60297448742872,268.38090259702557,0.5586478114128113,0.7369831800460815,-0.05595594644546509 
0:00:00.361407,20,None,None,None,0.5586478114128113,0.7369831800460815,-0.05595594644546509 
0:00:00.414108,0,289.73376305712543,57.93570678917596,300.5253673615449,0.6622360944747925,0.668650209903717,0.00882813148200512 
0:00:00.414108,1,15.709148307294589,86.74785466520966,269.11859083373827,0.611432671546936,0.6694318056106567,0.011607043445110321 
0:00:00.414108,2,63.16010547113093,87.36215944040846,267.6459906882825,0.5747883319854736,0.6709381937980652,0.012369291856884956 
0:00:00.414108,3,254.3393250220405,82.53039342212517,277.1952754703128,0.5486491918563843,0.6676382422447205,0.011444160714745522 
0:00:00.414108,4,181.3606151500178,289.5889449243494,89.51585956319695,0.5945480465888977,0.667250394821167,-0.0048851026222109795 
0:00:00.414108,5,124.45873879197846,67.37211723840224,251.0326051428598,0.5508002042770386,0.6822861433029175,-0.015202951617538929 
0:00:00.414108,6,125.27609546103099,66.75234926937314,250.6740131663194,0.5194016695022583,0.6932977437973022,-0.022992704063653946 
0:00:00.414108,7,117.73247313572965,63.331984166971104,246.0322165671203,0.4945656359195709,0.7043387293815613,-0.028797335922718048 
0:00:00.414108,8,301.563052625487,283.2651560416369,78.64200802125139,0.6010894775390625,0.6829410195350647,-0.01565239019691944 
0:00:00.414108,9,131.43156318526465,72.17662475327765,256.4471380505697,0.5523125529289246,0.6946989297866821,-0.02602989971637726 
0:00:00.414108,10,122.54468665956054,66.62464064479359,249.98047106286265,0.5190444588661194,0.7068203687667847,-0.03376540541648865 
0:00:00.414108,11,117.71357857746194,63.79073033754475,246.45284308518058,0.4920187294483185,0.718597948551178,-0.03995233401656151 
0:00:00.414108,12,314.53376636642804,279.7342564849579,83.02813168171119,0.6134207248687744,0.7037521600723267,-0.025346210226416588 
0:00:00.414108,13,139.45674883778233,74.93087484331902,260.0729962044658,0.5676465630531311,0.7117632627487183,-0.03471168130636215 
0:00:00.414108,14,127.43374014720062,70.44259134228486,254.24698505085024,0.5379993319511414,0.7201263308525085,-0.041113536804914474 
0:00:00.414108,15,130.96198024602398,71.25037857356224,255.62283744506755,0.5143515467643738,0.7261880040168762,-0.046375811100006104 
0:00:00.414108,16,17.445714760987354,276.3986163615655,91.92560794391147,0.6309109330177307,0.7301068305969238,-0.033905696123838425 
0:00:00.414108,17,156.05711526469503,70.27019298185618,261.71903769866253,0.6004691123962402,0.7345374822616577,-0.04388386011123657 
0:00:00.414108,18,161.8391649454389,75.74948772170787,265.4738476221323,0.5783096551895142,0.7362916469573975,-0.049231499433517456 
0:00:00.414108,19,173.02516204003422,78.63668813858499,268.60201013403935,0.558343231678009,0.7367789149284363,-0.05321443825960159 
0:00:00.414108,20,None,None,None,0.558343231678009,0.7367789149284363,-0.05321443825960159 
0:00:00.464182,0,290.6326078193762,58.39714718975844,299.93370842881365,0.6618778705596924,0.6691031455993652,0.009021361358463764 
0:00:00.464182,1,17.11360784034684,86.56742021735634,268.98879873983435,0.6112309098243713,0.6699970960617065,0.011924738995730877 
0:00:00.464182,2,60.1770633392564,87.0764771870993,267.46310539384774,0.5750250816345215,0.6716012358665466,0.012844291515648365 
0:00:00.464182,3,259.0013091109673,81.22198624491783,278.6192188898209,0.5493565201759338,0.6677104234695435,0.01208808645606041 
0:00:00.464182,4,181.96530528989763,290.876786798893,89.25062479845074,0.5943431854248047,0.6671220064163208,-0.005059677176177502 
0:00:00.464182,5,124.28414483023231,67.48064363045907,251.08993634253906,0.5505186319351196,0.6821351051330566,-0.015294832177460194 
0:00:00.464182,6,124.33002320753502,66.67596087537993,250.40133520087574,0.519178032875061,0.6932941675186157,-0.02291559986770153 
0:00:00.464182,7,116.91966034113233,63.08330507221393,245.6445623904612,0.4943976402282715,0.704511821269989,-0.028611481189727783 
0:00:00.464182,8,300.19605520705346,283.3243508923276,78.43126070876077,0.6011081337928772,0.6826679706573486,-0.01590006984770298 
0:00:00.464182,9,131.53732445912513,72.16935205643793,256.46274990597817,0.5522128939628601,0.6944403052330017,-0.026329031214118004 
0:00:00.464182,10,122.22326673173723,66.37200980694932,249.69097056010492,0.5191271901130676,0.7066850066184998,-0.034046877175569534 
0:00:00.464182,11,117.21388042624677,63.39598340845614,245.99137579523358,0.49220675230026245,0.7186756134033203,-0.04021288454532623 
0:00:00.464182,12,313.6085616000559,279.900001141625,82.79769497395716,0.6135854721069336,0.7033369541168213,-0.0256017055362463 
0:00:00.464182,13,139.2981801962372,74.82948242388986,259.9727463005628,0.5677180290222168,0.7114471197128296,-0.03503003716468811 
0:00:00.464182,14,126.92821658215635,69.96069324563318,253.744637537769,0.5380891561508179,0.7200861573219299,-0.04152306541800499 
0:00:00.464182,15,129.99905925197723,70.7398578414666,255.0148976939985,0.514441967010498,0.7264158129692078,-0.04683410003781319 
0:00:00.464182,16,14.030167963912989,276.4091574659291,91.55991753251529,0.6311060786247253,0.7295928597450256,-0.03412018343806267 
0:00:00.464182,17,154.79854203740004,69.85403389617399,261.12163484956926,0.6007243394851685,0.7343387603759766,-0.04420506954193115 
0:00:00.464182,18,161.06297297890904,75.31534482377981,265.1389411892958,0.5786375999450684,0.7362171411514282,-0.049679823219776154 
0:00:00.464182,19,172.3284244268847,78.32005148148615,268.4192283584729,0.5587626695632935,0.7367656230926514,-0.05375169590115547 
0:00:00.464182,20,None,None,None,0.5587626695632935,0.7367656230926514,-0.05375169590115547 
0:00:00.515118,0,287.4242382215966,57.834375901377825,300.96537159921996,0.6631539463996887,0.6679902076721191,0.0077298046089708805 
0:00:00.515118,1,12.299621737649401,87.65706804010044,269.50063368114803,0.6128280758857727,0.6684288382530212,0.009741609916090965 
0:00:00.515118,2,86.70748262810142,87.99243224906462,267.9957433845184,0.5762495994567871,0.6697089076042175,0.009815250523388386 
0:00:00.515118,3,241.620995151076,83.04738070283231,276.1238493607487,0.550040602684021,0.6668969392776489,0.00829615630209446 
0:00:00.515118,4,183.28678382492632,287.1252094872694,88.98793066272061,0.5953266620635986,0.6660969257354736,-0.0056345160119235516 
0:00:00.515118,5,125.34558440615506,67.23167243997112,251.1014199929889,0.5512598156929016,0.6811831593513489,-0.01633419468998909 
0:00:00.515118,6,126.38584282512036,66.90289015313789,251.05107339724458,0.5195362567901611,0.6920748353004456,-0.02436007745563984 
0:00:00.515118,7,118.0423035407217,63.58962292763766,246.33090817623707,0.4942820072174072,0.7031444311141968,-0.030256373807787895 
0:00:00.515118,8,303.51304624270796,283.4547509718836,78.71916911176595,0.6016688942909241,0.6817237734794617,-0.01607133448123932 
0:00:00.515118,9,131.14706638547975,71.94011768864736,256.2043830079426,0.552778959274292,0.6937283277511597,-0.02656095288693905 
0:00:00.515118,10,121.96426060320206,66.51814890525355,249.7678301994943,0.5194414258003235,0.706015408039093,-0.0342281199991703 
0:00:00.515118,11,117.10105548610717,63.73357102823183,246.28327004361805,0.49228692054748535,0.717944860458374,-0.04033300653100014 
0:00:00.515118,12,314.27418376444894,279.89484197012905,82.88080191776912,0.6136538982391357,0.7027865052223206,-0.02555391564965248 
0:00:00.515118,13,139.67553085572197,75.0849847968299,260.22026852248547,0.5677471160888672,0.7106992602348328,-0.03487624228000641 
0:00:00.515118,14,123.98564092989862,70.29801476190259,253.4627396029868,0.5378692150115967,0.7195706367492676,-0.040856827050447464 
0:00:00.515118,15,126.89850949970926,71.04335733409282,254.6406806367211,0.514048159122467,0.7261138558387756,-0.0457693487405777 
0:00:00.515118,16,17.08444785209421,275.9920847215415,91.76624628330191,0.6307984590530396,0.729714035987854,-0.03405546769499779 
0:00:00.515118,17,155.446759805417,71.16284655855269,261.9314197709896,0.5998402237892151,0.734102725982666,-0.04366190358996391 
0:00:00.515118,18,160.7453714252718,77.19593849671499,265.7139354776475,0.5774937868118286,0.7357774972915649,-0.04845646768808365 
0:00:00.515118,19,174.29208485272886,79.79984304322915,268.9747752126761,0.557659387588501,0.7361324429512024,-0.05200760066509247 
0:00:00.515118,20,None,None,None,0.557659387588501,0.7361324429512024,-0.05200760066509247 
0:00:00.564972,0,290.1038814871345,58.34549093953092,300.0688057148869,0.6622201204299927,0.6688733696937561,0.008703161031007767 
0:00:00.564972,1,21.872403664758153,86.45734563455191,268.6787663229089,0.6114408373832703,0.6700445413589478,0.011620601639151573 
0:00:00.564972,2,61.582624536189925,86.68782106084494,267.08618965553336,0.5755676031112671,0.6718704700469971,0.012608593329787254 
0:00:00.564972,3,262.15530985251337,80.1143335931106,279.79495338046786,0.5499731302261353,0.6674518585205078,0.011999807320535183 
0:00:00.564972,4,181.88442173112034,291.24986630451525,89.26736556820491,0.5945009589195251,0.6668824553489685,-0.005306634120643139 
0:00:00.564972,5,125.04945509793313,68.13116650497199,251.81047488719872,0.5505057573318481,0.6813384294509888,-0.015447422862052917 
0:00:00.564972,6,124.40433279617442,67.35056632336911,251.0024740349595,0.5189862847328186,0.6921899318695068,-0.02287880703806877 
0:00:00.564972,7,116.92234834992331,64.0568986735785,246.5499057694181,0.49382734298706055,0.7031033039093018,-0.02842083014547825 
0:00:00.564972,8,301.61436964404754,282.56398966406215,79.25352152184809,0.6011872887611389,0.6827272176742554,-0.015878332778811455 
0:00:00.564972,9,132.6256718609891,72.72867338901983,257.11416773846486,0.5521649718284607,0.6939420700073242,-0.026200195774435997 
0:00:00.564972,10,121.58042969511476,66.87000647853374,250.00376315121645,0.5187753438949585,0.7060924172401428,-0.03366941958665848 
0:00:00.564972,11,116.68580657745667,64.05818313272691,246.50743844464165,0.49159055948257446,0.717908501625061,-0.03960862383246422 
0:00:00.564972,12,314.59345141285746,279.48321499531113,83.21646819663412,0.6134437918663025,0.7034139037132263,-0.02531827613711357 
0:00:00.564972,13,139.30730038013965,75.23513403968813,260.2495977225266,0.5674475431442261,0.7113178372383118,-0.0345098152756691 
0:00:00.564972,14,124.9809463197575,70.28921506426813,253.64086357022921,0.5375474691390991,0.7200947403907776,-0.040651120245456696 
0:00:00.564972,15,128.32888360358817,71.28216518689118,255.1150302028273,0.5137958526611328,0.7264078855514526,-0.04564211145043373 
0:00:00.564972,16,14.079559704240609,276.05138919623323,91.47728620485393,0.6305773258209229,0.7294195890426636,-0.03363388776779175 
0:00:00.564972,17,154.17750711239694,70.43278147365014,261.199119969399,0.599871814250946,0.7341735363006592,-0.04345805570483208 
0:00:00.564972,18,161.4716309311714,75.99240964888475,265.46737268136434,0.5775712132453918,0.7359414100646973,-0.04873299226164818 
0:00:00.564972,19,176.2723767718162,78.86682994540557,269.26698544262183,0.5578694939613342,0.7361934781074524,-0.05260195955634117 
0:00:00.564972,20,None,None,None,0.5578694939613342,0.7361934781074524,-0.05260195955634117 
0:00:00.614756,0,285.23197393639975,58.91358742855544,300.1880527260183,0.6620198488235474,0.6667845249176025,0.006724384147673845 
0:00:00.614756,1,13.674290471648282,88.24277037444594,269.58446408741673,0.6108439564704895,0.6671556830406189,0.008249910548329353 
0:00:00.614756,2,104.6036788725716,87.92759491039666,267.9944925508536,0.5739461779594421,0.668447732925415,0.00791326817125082 
0:00:00.614756,3,234.00428065807478,82.84253233506188,275.8012333545287,0.5476656556129456,0.6657776832580566,0.0059736683033406734 
0:00:00.614756,4,185.76952964648683,285.3038043108224,88.42428766994568,0.5952028036117554,0.6644700169563293,-0.006968521513044834 
0:00:00.614756,5,127.88209935237468,66.30417703237559,250.89395032659337,0.5515111684799194,0.6796047687530518,-0.018743012100458145 
0:00:00.614756,6,127.10316775812333,65.54301860067795,250.06217493718697,0.5195589065551758,0.6911951899528503,-0.027509786188602448 
0:00:00.614756,7,118.99614918891639,62.270476829403925,245.30807893933545,0.49393194913864136,0.7029778957366943,-0.03404001146554947 
0:00:00.614756,8,306.98970206697334,284.27448571330643,78.5128664645956,0.6020200848579407,0.6810123920440674,-0.01749400608241558 
0:00:00.614756,9,136.68789707393708,70.89483309647309,256.63390207510776,0.5537869334220886,0.6924729943275452,-0.029650555923581123 
0:00:00.614756,10,126.01068788699509,66.05756094578729,250.24295796727077,0.5204742550849915,0.7044380903244019,-0.038347117602825165 
0:00:00.614756,11,119.96819117881125,63.8347147681163,246.9443253226031,0.49290573596954346,0.7161718606948853,-0.04511293023824692 
0:00:00.614756,12,323.13647581268583,280.4305819897204,83.69806010256158,0.6145391464233398,0.7027392387390137,-0.027198616415262222 
0:00:00.614756,13,147.35171406420972,73.55933488888856,260.9547614068293,0.5693629384040833,0.7099310159683228,-0.03842323273420334 
0:00:00.614756,14,129.58632615289952,70.5307572073018,254.76012683318527,0.539355993270874,0.7181061506271362,-0.045183006674051285 
0:00:00.614756,15,131.48405577937254,71.95937681105367,256.2878861349742,0.5150365829467773,0.7240400314331055,-0.05042991787195206 
0:00:00.614756,16,23.219129379191138,277.6737223979825,93.04071766565104,0.6319177746772766,0.7302488088607788,-0.03595710173249245 
0:00:00.614756,17,161.86260182280586,68.87141246600521,263.1404002980254,0.6009703874588013,0.7339717149734497,-0.04732222110033035 
0:00:00.614756,18,169.75392483063808,75.64891637719167,267.39432470412737,0.578528106212616,0.734993040561676,-0.05297243595123291 
0:00:00.614756,19,185.25698859949378,78.53259805402313,271.064813797152,0.5583570003509521,0.7346181273460388,-0.05704713240265846 
0:00:00.614756,20,None,None,None,0.5583570003509521,0.7346181273460388,-0.05704713240265846 
0:00:00.664068,0,288.74534006920305,59.85126007218289,298.81115082918313,0.6600480079650879,0.6682526469230652,0.00801759585738182 
0:00:00.664068,1,12.669095647929453,87.31072767622348,269.4097762005817,0.6089585423469543,0.6687789559364319,0.010358900763094425 
0:00:00.664068,2,70.01930903677334,88.32605993868975,268.4267657660419,0.5726640820503235,0.6697757840156555,0.010721336118876934 
0:00:00.664068,3,257.1052030331761,77.58507529688556,282.1111954351986,0.5472976565361023,0.6643325090408325,0.009475179947912693 
0:00:00.664068,4,173.7490454992915,288.0161267478856,92.02812543777843,0.5934348702430725,0.6659663319587708,-0.005440854467451572 
0:00:00.664068,5,127.25343799788064,67.76562429431746,251.9758994837221,0.5501216650009155,0.6800597906112671,-0.01615910418331623 
0:00:00.664068,6,125.85984622529938,66.36303733707798,250.4703659642638,0.5187917351722717,0.6911725401878357,-0.02419153042137623 
0:00:00.664068,7,118.4613913805158,63.4803831915453,246.3130277956684,0.4936506152153015,0.7022019028663635,-0.030170366168022156 
0:00:00.664068,8,305.1221249915584,282.91513267665863,79.3771453152838,0.6006326079368591,0.682136595249176,-0.01605665311217308 
0:00:00.664068,9,134.308365429329,71.97589642633743,256.89265678771494,0.5526634454727173,0.6933058500289917,-0.026959456503391266 
0:00:00.664068,10,123.51604045500989,66.23436466567978,249.84069623187509,0.5194936990737915,0.7054831981658936,-0.03502437099814415 
0:00:00.664068,11,118.3025844171124,63.80748080866573,246.58279207158841,0.4922369718551636,0.7172879576683044,-0.041381265968084335 
0:00:00.664068,12,317.57440285691234,279.95233698700656,83.24889875705965,0.6134348511695862,0.7029408812522888,-0.02568330243229866 
0:00:00.664068,13,142.27870276987775,74.70198517028216,260.49944713240563,0.5682588815689087,0.7105011940002441,-0.03545769304037094 
0:00:00.664068,14,126.49204076877446,70.1447430870223,253.81134467655218,0.5383834838867188,0.7191743850708008,-0.04187365248799324 
0:00:00.664068,15,129.67042904374412,71.3682045640724,255.45165004713334,0.51445072889328,0.7253853678703308,-0.047024697065353394 
0:00:00.664068,16,16.136636507265614,276.48830000024736,91.8104316752315,0.6310784220695496,0.7290717959403992,-0.0342833511531353 
0:00:00.664068,17,156.56713079663473,69.94276783462374,261.7388593016527,0.6005054712295532,0.7335107326507568,-0.04452500492334366 
0:00:00.664068,18,165.23115189281813,76.03640541939892,266.3730624219904,0.5781753659248352,0.734926164150238,-0.04989401623606682 
0:00:00.664068,19,181.37136935047712,78.85255680024605,270.2702036151485,0.5582817792892456,0.7348323464393616,-0.05381296947598457 
0:00:00.664068,20,None,None,None,0.5582817792892456,0.7348323464393616,-0.05381296947598457 
0:00:00.713766,0,289.2615142211192,57.6274002592509,300.8989164903837,0.6625527143478394,0.6706197261810303,0.008498424664139748 
0:00:00.713766,1,357.80342447529574,86.92581468293702,270.1179406672668,0.6123430132865906,0.6705163717269897,0.011193015612661839 
0:00:00.713766,2,29.60535416814065,88.60550592636767,269.3109848460939,0.5761921405792236,0.6709511280059814,0.011958158574998379 
0:00:00.713766,3,256.3448108640605,81.82781566032033,277.94418093334986,0.5504850149154663,0.6673637628555298,0.011086625047028065 
0:00:00.713766,4,180.71535483814486,290.364990406765,89.73446816722944,0.5953064560890198,0.6671560406684875,-0.005549854598939419 
0:00:00.713766,5,125.3376418929392,68.03567089843754,251.78895417227255,0.5512029528617859,0.6816659569740295,-0.015837766230106354 
0:00:00.713766,6,124.3275709992202,67.3345504292911,250.9724296108291,0.5194847583770752,0.6926044821739197,-0.023307237774133682 
0:00:00.713766,7,117.46541555963087,64.37715063209325,246.94767603623478,0.49434831738471985,0.7033013701438904,-0.028867481276392937 
0:00:00.713766,8,302.2272422339179,282.62625941418844,79.26984858731736,0.6014810800552368,0.6830000281333923,-0.016069559380412102 
0:00:00.713766,9,132.64671602183412,72.5994048234608,257.0192569753506,0.5523815155029297,0.6943181753158569,-0.02649417333304882 
0:00:00.713766,10,122.16224710315235,67.03472512829052,250.26550082560533,0.5189235806465149,0.706320583820343,-0.034041453152894974 
0:00:00.713766,11,117.62035036741386,64.4134317309859,247.0102657139953,0.4917721152305603,0.7178399562835693,-0.0400688461959362 
0:00:00.713766,12,316.3429743794219,279.4095004195905,83.47358494600503,0.6133362054824829,0.7039327025413513,-0.025493865832686424 
0:00:00.713766,13,140.45962481059692,75.10717007700892,260.39056867559367,0.5673607587814331,0.7117166519165039,-0.034923005849123 
0:00:00.713766,14,126.19056578707544,70.39239976628217,253.96000897185098,0.5376163721084595,0.720268189907074,-0.04117962345480919 
0:00:00.713766,15,130.24056523149494,71.49567162677475,255.6689654233445,0.5140793323516846,0.7262812852859497,-0.04626838490366936 
0:00:00.713766,16,19.711374302316212,276.50281258764807,92.20166450315362,0.6302523016929626,0.7307475805282593,-0.03380230441689491 
0:00:00.713766,17,157.91232762774575,70.34546830946068,262.3509537646437,0.5997380614280701,0.7348456382751465,-0.04390083625912666 
0:00:00.713766,18,165.80865592808988,75.84358122957592,266.4615138415496,0.5774131417274475,0.7362261414527893,-0.0493599995970726 
0:00:00.713766,19,182.09625802208205,78.50871503758579,270.4260535524609,0.5575988292694092,0.7360787987709045,-0.05338543280959129 
0:00:00.713766,20,None,None,None,0.5575988292694092,0.7360787987709045,-0.05338543280959129 
0:00:00.770724,0,288.39248841426746,57.37641176488494,301.27485420124003,0.6612480282783508,0.6687023043632507,0.008426876738667488 
0:00:00.770724,1,4.632531164089511,87.13738709796844,269.7686101670954,0.6110232472419739,0.6689051389694214,0.010930093936622143 
0:00:00.770724,2,71.40918277592638,86.91477583775128,267.075477178823,0.5745862722396851,0.6707665920257568,0.011556209996342659 
0:00:00.770724,3,254.04890063556505,81.40340363759509,278.2702661578975,0.5490494966506958,0.6670547127723694,0.010495273396372795 
0:00:00.770724,4,184.34399718056764,289.94271308307725,88.42573711494967,0.5956718325614929,0.6657733917236328,-0.006372501607984304 
0:00:00.770724,5,125.26556613717577,67.25722492411909,251.10600664384464,0.5514572858810425,0.6809062361717224,-0.017073504626750946 
0:00:00.770724,6,123.6960938132439,66.46509603278395,250.08134640608128,0.5195537209510803,0.6924669146537781,-0.02478238008916378 
0:00:00.770724,7,116.54968974652607,63.27217005054485,245.75058619867326,0.49426889419555664,0.7038565874099731,-0.03047339990735054 
0:00:00.770724,8,302.35251743722256,283.16760423002796,78.82038870767319,0.6020413041114807,0.6825569272041321,-0.01698097214102745 
0:00:00.770724,9,132.74421353919985,72.05850509737638,256.6240900574752,0.5526797771453857,0.6942945718765259,-0.027828941121697426 
0:00:00.770724,10,121.48000513856475,66.60108279071275,249.74442152057236,0.5188283920288086,0.7067867517471313,-0.03547816351056099 
0:00:00.770724,11,116.66250595440685,63.94818579089145,246.40090183450133,0.4913867115974426,0.71877521276474,-0.04149790480732918 
0:00:00.770724,12,315.7683782030161,279.709620579104,83.19355989931664,0.6141138672828674,0.7041268944740295,-0.02645133249461651 
0:00:00.770724,13,142.42705861884946,74.96950112200568,260.70115583710015,0.567925751209259,0.7116895318031311,-0.03628121688961983 
0:00:00.770724,14,126.30355649686739,70.13352010408201,253.76467692260144,0.5376532077789307,0.7205047607421875,-0.042757488787174225 
0:00:00.770724,15,129.58966335007193,71.23325529121674,255.32685269745454,0.5136940479278564,0.7267783284187317,-0.0479455292224884 
0:00:00.770724,16,17.693316822127098,276.7231840829469,92.05187566805951,0.6310573220252991,0.7309831380844116,-0.034764811396598816 
0:00:00.770724,17,160.96698865759464,69.81659189929674,263.1640631471957,0.6003284454345703,0.7346668839454651,-0.04544319584965706 
0:00:00.770724,18,166.02273725845322,75.33770989133096,266.38393794860275,0.5778895020484924,0.7360849380493164,-0.051140330731868744 
0:00:00.770724,19,181.78929371906315,78.40876684911342,270.36693927752583,0.5579728484153748,0.7359573841094971,-0.05522346496582031 
0:00:00.770724,20,None,None,None,0.5579728484153748,0.7359573841094971,-0.05522346496582031 
0:00:00.820986,0,295.25007541511127,55.383237575805495,301.97785384789694,0.6659204363822937,0.6685935854911804,0.011754912324249744 
0:00:00.820986,1,12.303806128429947,86.41498465584668,269.23509702893796,0.6169272661209106,0.6692476868629456,0.014753934927284718 
0:00:00.820986,2,23.224391273044674,88.76611510258464,269.5133747422317,0.5802244544029236,0.6695594191551208,0.0154804065823555 
0:00:00.820986,3,242.78742984833372,83.70903673110732,275.59935191794176,0.5538660883903503,0.6669752597808838,0.014151612296700478 
0:00:00.820986,4,180.314785495846,294.0243139756855,89.85968936181435,0.5993078947067261,0.6668639779090881,-0.006103188265115023 
0:00:00.820986,5,121.86399227574591,67.98273204969824,251.04554398043587,0.5540521740913391,0.6824065446853638,-0.015764037147164345 
0:00:00.820986,6,120.77724181728854,68.1022843963878,250.94807664108242,0.5220599174499512,0.6934548020362854,-0.02234417386353016 
0:00:00.820986,7,113.79534982726855,64.95833206384175,246.85434052231773,0.4969724118709564,0.7041791677474976,-0.027073143050074577 
0:00:00.820986,8,293.64306224366453,282.17659273057285,78.81860955143239,0.6048173904418945,0.6828616857528687,-0.017740678042173386 
0:00:00.820986,9,130.3375101746634,74.00634555042201,257.6757425157758,0.554343044757843,0.6938892602920532,-0.027105160057544708 
0:00:00.820986,10,117.67331385714468,68.83813911439123,251.07687686902486,0.5203662514686584,0.7055374383926392,-0.033213671296834946 
0:00:00.820986,11,115.19380348289307,66.18815830888002,248.2321853816722,0.4935440123081207,0.716248095035553,-0.03825230896472931 
0:00:00.820986,12,311.69158921723664,277.3807050296803,84.47506220036037,0.6160717606544495,0.7043961882591248,-0.02769576571881771 
0:00:00.820986,13,137.90082182958156,77.50379595334799,261.5487620227594,0.5681155920028687,0.711521565914154,-0.0355818048119545 
0:00:00.820986,14,122.7915978154449,73.875405044286,256.34017585123905,0.5373105406761169,0.7190081477165222,-0.04040502384305 
0:00:00.820986,15,133.0217785440726,75.21082510956948,259.0753582086404,0.5136027932167053,0.7235841155052185,-0.04467543587088585 
0:00:00.820986,16,44.13199396003293,275.71074899129053,93.98326346781846,0.6324324011802673,0.7318586111068726,-0.03614635393023491 
0:00:00.820986,17,154.7173231442351,74.74412995532673,263.355922844422,0.5993402600288391,0.7357133030891418,-0.0443074032664299 
0:00:00.820986,18,170.5521127428253,80.77627571130257,268.4730662617942,0.5763470530509949,0.7363262176513672,-0.04799061268568039 
0:00:00.820986,19,200.2755448058202,81.29474934029527,273.0372575482002,0.5566356778144836,0.7352803349494934,-0.05082171410322189 
0:00:00.820986,20,None,None,None,0.5566356778144836,0.7352803349494934,-0.05082171410322189 
0:00:00.870362,0,291.6426463079223,55.771481277371684,302.30785360410675,0.6655799746513367,0.667657196521759,0.01010905485600233 
0:00:00.870362,1,21.520989494262608,86.54119580748667,268.7298297422406,0.6157935857772827,0.6687610745429993,0.01290840469300747 
0:00:00.870362,2,64.70340505137678,87.25407121637693,267.51703698765317,0.5795632004737854,0.670332133769989,0.013650926761329174 
0:00:00.870362,3,249.7097317788521,82.84618690157447,276.71408822957096,0.5535567998886108,0.6672706007957458,0.012519022449851036 
0:00:00.870362,4,182.31699067622907,292.0047539730983,89.06398982677568,0.5992546677589417,0.6665239930152893,-0.0059334272518754005 
0:00:00.870362,5,121.80370491113011,68.55434889687884,251.53906616502272,0.5539591312408447,0.6816453337669373,-0.015310409478843212 
0:00:00.870362,6,120.77768991703054,68.38610903041167,251.20110902079261,0.5222585797309875,0.6924363970756531,-0.02173748053610325 
0:00:00.870362,7,113.30927744797518,64.66634037276583,246.50167595514426,0.49745187163352966,0.7032217979431152,-0.02638447843492031 
0:00:00.870362,8,295.66416556845377,281.6350810844762,79.48580087877349,0.6052326560020447,0.6832181811332703,-0.016772791743278503 
0:00:00.870362,9,128.37443843480997,74.41988917244302,257.66937911930245,0.554922878742218,0.6942156553268433,-0.025481296703219414 
0:00:00.870362,10,117.78415870192622,69.4383228342955,251.6407799798375,0.5216812491416931,0.7052474021911621,-0.031293779611587524 
0:00:00.870362,11,115.0477508734563,66.97110182148909,248.93857544883417,0.4950624704360962,0.715498149394989,-0.03608418628573418 
0:00:00.870362,12,313.41564480337,276.74579643614464,85.08923373664261,0.6167171001434326,0.7050456404685974,-0.026194332167506218 
0:00:00.870362,13,139.99156649487995,78.48527214624649,262.53834772346255,0.5694658756256104,0.7112342119216919,-0.03356738016009331 
0:00:00.870362,14,124.51269205397266,75.41932548913039,257.9023051120172,0.5392988920211792,0.717700183391571,-0.03801342844963074 
0:00:00.870362,15,136.32639845823223,76.74515509572394,260.76093730887277,0.5158131122589111,0.7215204834938049,-0.04201483353972435 
0:00:00.870362,16,54.138765543001625,276.36860864807977,95.16865908302661,0.6331192255020142,0.7321314811706543,-0.034344688057899475 
0:00:00.870362,17,157.6330936768776,75.3598105131293,264.3230279696175,0.6010957956314087,0.7353148460388184,-0.04208078980445862 
0:00:00.870362,18,164.68248281858186,81.26369764841438,267.67537221324255,0.5784841775894165,0.7362327575683594,-0.04543208330869675 
0:00:00.870362,19,191.898929674246,82.33012746778334,271.5905253311498,0.5590617656707764,0.7356934547424316,-0.047991495579481125 
0:00:00.870362,20,None,None,None,0.5590617656707764,0.7356934547424316,-0.047991495579481125 
0:00:00.919667,0,292.01396743191685,59.35661465955421,298.7768646650974,0.6649192571640015,0.6707288026809692,0.009160565212368965 
0:00:00.919667,1,5.009654714470835,87.98960819562602,269.8243738054531,0.6150034666061401,0.6708818078041077,0.010906034149229527 
0:00:00.919667,2,135.57306294968527,89.06728442810356,269.34707046346637,0.5786327123641968,0.6712962985038757,0.010483168065547943 
0:00:00.919667,3,223.00876823328775,83.43185062938937,274.49071298331614,0.5518131852149963,0.6691899299621582,0.008225057274103165 
0:00:00.919667,4,187.58935283996553,287.68512733195325,87.58859400105734,0.5985465049743652,0.6672219038009644,-0.006545549724251032 
0:00:00.919667,5,124.48506601274336,67.47097648120483,251.12368942632878,0.5541393756866455,0.6824053525924683,-0.01697501912713051 
0:00:00.919667,6,126.6592356702181,68.57970797944239,252.53085769256734,0.5227016806602478,0.6922990083694458,-0.024338578805327415 
0:00:00.919667,7,119.43454580722332,66.57606631071728,249.32792025076253,0.497614324092865,0.7017647624015808,-0.029679778963327408 
0:00:00.919667,8,300.4529310324595,282.2044637773284,79.43840650987623,0.6051145792007446,0.6817212104797363,-0.017895393073558807 
0:00:00.919667,9,129.19291850555277,72.68315593981974,256.4153100430175,0.5555419325828552,0.6937000751495361,-0.027662651613354683 
0:00:00.919667,10,122.74857053692818,69.01665714796466,252.121892202236,0.5221570134162903,0.7044690251350403,-0.034589093178510666 
0:00:00.919667,11,120.7732558525904,67.797235692351,250.67520609223422,0.4948713183403015,0.7140375971794128,-0.04028705507516861 
0:00:00.919667,12,316.57624065499607,277.81562413284774,84.61001281951879,0.6175146698951721,0.7024660110473633,-0.028060605749487877 
0:00:00.919667,13,139.7881949571719,75.94544569662196,260.81907606226247,0.5699896812438965,0.7101471424102783,-0.037146199494600296 
0:00:00.919667,14,129.7999785907907,72.93546356265554,256.7301458476648,0.5398065447807312,0.7172653675079346,-0.04307687655091286 
0:00:00.919667,15,140.04429434378596,75.17960398551342,260.3564163363322,0.5154721736907959,0.721400260925293,-0.048012394458055496 
0:00:00.919667,16,35.126723275747956,276.4554106054627,93.72489830144359,0.6347464919090271,0.7291654348373413,-0.03697461634874344 
0:00:00.919667,17,158.46110318632878,72.5620946714755,263.4217522683421,0.6025937795639038,0.732873260974884,-0.04636877402663231 
0:00:00.919667,18,170.68149600294348,78.60617210203176,268.1310356360611,0.5800368785858154,0.7336093187332153,-0.050854526460170746 
0:00:00.919667,19,194.43941385042118,80.07341571201565,272.4987360173969,0.5601704120635986,0.7327423691749573,-0.05422145500779152 
0:00:00.919667,20,None,None,None,0.5601704120635986,0.7327423691749573,-0.05422145500779152 
0:00:00.969515,0,294.3893082404271,57.92778304747162,299.7135713923977,0.665651798248291,0.6702721118927002,0.010565413162112236 
0:00:00.969515,1,18.16525717228068,86.95772690968604,269.0507390409717,0.6160125732421875,0.6710945963859558,0.013072135858237743 
0:00:00.969515,2,76.9514899096684,88.65298038260535,268.6877491053781,0.5798471570014954,0.671923041343689,0.013264136388897896 
0:00:00.969515,3,239.53535472476818,82.64326214519869,276.350033475637,0.5533401370048523,0.6689732074737549,0.011529002338647842 
0:00:00.969515,4,186.18441561987083,290.7434988639911,87.6635783652361,0.5989805459976196,0.6671110391616821,-0.005656082648783922 
0:00:00.969515,5,122.82808613309152,68.28953354272934,251.50108882462735,0.553955614566803,0.6821752190589905,-0.015374738723039627 
0:00:00.969515,6,124.11234305941342,69.21442519128,252.5538279063397,0.5224127769470215,0.6920880675315857,-0.022089356556534767 
0:00:00.969515,7,117.27622087101291,66.84534176346668,249.18764739620892,0.49747395515441895,0.7015675902366638,-0.026977121829986572 
0:00:00.969515,8,295.9855536389125,281.5353675616039,79.60400370895077,0.6053000688552856,0.6817855834960938,-0.017334965988993645 
0:00:00.969515,9,128.9438459150782,73.82534519140606,257.2875640462505,0.5549092292785645,0.6931531429290771,-0.026521801948547363 
0:00:00.969515,10,120.15920506913493,69.12890704256994,251.75409043824664,0.5210806131362915,0.7043054699897766,-0.033001985400915146 
0:00:00.969515,11,118.38737896402786,67.4795573501779,249.95936773593485,0.49391114711761475,0.7142161726951599,-0.03835786134004593 
0:00:00.969515,12,312.93033260089527,277.2660179872603,84.66670231141349,0.6173869371414185,0.7026892900466919,-0.02763504348695278 
0:00:00.969515,13,138.82772717127563,76.86144826982459,261.26402741245823,0.5693328976631165,0.7100734710693359,-0.03607816621661186 
0:00:00.969515,14,127.9228497093624,72.73265494062196,256.2227335325517,0.5387236475944519,0.7175789475440979,-0.0419258289039135 
0:00:00.969515,15,138.8110954021352,74.78659793974253,259.8466595011075,0.5145120620727539,0.7219149470329285,-0.04688073694705963 
0:00:00.969515,16,36.860232132029935,276.1561818473461,93.70199486317921,0.6343642473220825,0.7296696305274963,-0.036537524312734604 
0:00:00.969515,17,157.28885242374938,72.8494728072666,263.2053422000162,0.6022703051567078,0.7334935665130615,-0.04567394405603409 
0:00:00.969515,18,172.01969865290744,78.38269747441781,268.36511106862895,0.5796308517456055,0.7341397404670715,-0.05028320848941803 
0:00:00.969515,19,198.23117486544677,79.56372346033884,273.29795454380815,0.5599156618118286,0.7330036759376526,-0.053732242435216904 
0:00:00.969515,20,None,None,None,0.5599156618118286,0.7330036759376526,-0.053732242435216904 
0:00:01.018798,0,288.33314436179637,60.74636849562083,297.9987318429607,0.666408360004425,0.6754574179649353,0.006940188352018595 
0:00:01.018798,1,356.6170152206971,87.26947809142105,270.1612495521407,0.614562451839447,0.6753115057945251,0.009408551268279552 
0:00:01.018798,2,12.304482643922109,88.99523145121341,269.7858560077809,0.5796850919723511,0.6754418611526489,0.010006190277636051 
0:00:01.018798,3,259.3227275501241,79.89648708041813,279.93209744640524,0.554516077041626,0.6710346341133118,0.009175246581435204 
0:00:01.018798,4,174.4682647618352,288.46070411382186,91.84317139454168,0.5969110131263733,0.6723989248275757,-0.0049116662703454494 
0:00:01.018798,5,122.72387912650058,67.77136267236882,251.0263696894981,0.5536105036735535,0.6872861981391907,-0.014477889984846115 
0:00:01.018798,6,122.21632299138163,66.51976257794311,249.82049436806324,0.5224021077156067,0.6987559795379639,-0.02170536108314991 
0:00:01.018798,7,116.01214489310865,64.36382441512755,246.67026948663033,0.49720314145088196,0.7096238732337952,-0.027008838951587677 
0:00:01.018798,8,299.36672634731366,283.2980213724945,78.36090007476184,0.6038484573364258,0.6876568794250488,-0.014647875912487507 
0:00:01.018798,9,124.97183064879567,72.76818252271832,255.739867051962,0.5561250448226929,0.6997860670089722,-0.02313194051384926 
0:00:01.018798,10,117.67564719697366,67.09324072715442,249.48357500975203,0.5228661298751831,0.7122319340705872,-0.029659420251846313 
0:00:01.018798,11,115.79068783551965,65.49609254538649,247.68649384279766,0.4950781464576721,0.723636269569397,-0.03517020493745804 
0:00:01.018798,12,305.83919683604984,279.3229382836142,82.41936492018739,0.6160300970077515,0.707539439201355,-0.023544056341052055 
0:00:01.018798,13,131.26435432371193,76.2403265959199,259.5704165862419,0.5706184506416321,0.7158982753753662,-0.03087826445698738 
0:00:01.018798,14,118.68940718179431,71.5353071796106,253.6737565783297,0.5414568781852722,0.7244402170181274,-0.03555278852581978 
0:00:01.018798,15,126.49597982874695,73.49513984784154,256.6018334436451,0.5174310803413391,0.7301631569862366,-0.039786919951438904 
0:00:01.018798,16,18.574308824359623,274.22980074630925,91.34954000231959,0.6326692700386047,0.7328779697418213,-0.03170803561806679 
0:00:01.018798,17,140.67382278057133,71.82138153575563,258.2445670415659,0.6017984747886658,0.7393021583557129,-0.03954954817891121 
0:00:01.018798,18,152.07200723476637,79.38491784659894,264.9834865154987,0.5795181393623352,0.741257905960083,-0.04323895275592804 
0:00:01.018798,19,183.83894679633073,81.54055652703717,270.5705107035337,0.5601659417152405,0.7410652041435242,-0.04611069709062576 
0:00:01.018798,20,None,None,None,0.5601659417152405,0.7410652041435242,-0.04611069709062576 
0:00:01.069132,0,289.3047449576376,62.31407013861946,296.3444567017276,0.6645535230636597,0.6751091480255127,0.00719465222209692 
0:00:01.069132,1,6.63162536222766,87.5928097311822,269.72184307280054,0.6126197576522827,0.6753612756729126,0.009363243356347084 
0:00:01.069132,2,67.37588809682686,88.70782956544586,268.8072342102321,0.5771415829658508,0.676099956035614,0.009671091102063656 
0:00:01.069132,3,252.28020186780802,81.6567495565996,277.9526040870661,0.5525568723678589,0.672665536403656,0.00857372023165226 
0:00:01.069132,4,189.70321537364902,287.8165026109314,86.8994703140878,0.5963420867919922,0.6702938079833984,-0.005296775605529547 
0:00:01.069132,5,121.71117507296417,66.60688612086807,249.79572360098763,0.5530018210411072,0.6862435936927795,-0.015151862055063248 
0:00:01.069132,6,121.93515983703054,65.42951903062769,248.79313456466647,0.5215311050415039,0.6984546184539795,-0.022762956097722054 
0:00:01.069132,7,115.58671469828035,62.59973258459822,244.94283717479914,0.49619966745376587,0.7102976441383362,-0.02843380719423294 
0:00:01.069132,8,298.435785294357,284.48157033366954,77.20438327018611,0.6034955978393555,0.6859292387962341,-0.015238183550536633 
0:00:01.069132,9,124.96687145012966,71.8449573370243,254.95879450850697,0.5560765266418457,0.6986716985702515,-0.0241495743393898 
0:00:01.069132,10,117.36929089567192,66.0641780937063,248.48567524717586,0.5230820775032043,0.7116780877113342,-0.03088260442018509 
0:00:01.069132,11,115.15827223185424,63.65818713152366,245.85957043370342,0.49578744173049927,0.7239106893539429,-0.03662795200943947 
0:00:01.069132,12,306.3039568051901,279.8201220516854,82.05891526268124,0.6156920194625854,0.707184910774231,-0.024339867755770683 
0:00:01.069132,13,132.31181249255903,75.59852245232474,259.2481333612704,0.5707971453666687,0.7157099843025208,-0.03210030123591423 
0:00:01.069132,14,120.81017889452022,70.9477972711321,253.47922944515898,0.5414915680885315,0.7244022488594055,-0.03728402405977249 
0:00:01.069132,15,127.62042340288063,72.05823746512485,255.61539169162864,0.5179193019866943,0.7304478287696838,-0.041943181306123734 
0:00:01.069132,16,23.84156559633087,275.06318306693936,92.0510513928794,0.632328987121582,0.7345451712608337,-0.0326714850962162 
0:00:01.069132,17,148.7228564342846,72.9406354163703,260.94787780628553,0.6014557480812073,0.7394638061523438,-0.040768492966890335 
0:00:01.069132,18,159.10734764910046,78.65756139614221,265.90836881715916,0.5797058343887329,0.7410196661949158,-0.044844456017017365 
0:00:01.069132,19,182.60145706144172,80.05121816759339,270.4561432311634,0.5609066486358643,0.7408699989318848,-0.048138536512851715 
0:00:01.069132,20,None,None,None,0.5609066486358643,0.7408699989318848,-0.048138536512851715 
0:00:01.119181,0,292.1243042234112,63.59602422818844,294.6992933407639,0.6654412150382996,0.680729866027832,0.007618188392370939 
0:00:01.119181,1,20.809436452993815,86.93368230120711,268.9097475671025,0.6136252284049988,0.6817159652709961,0.010212825611233711 
0:00:01.119181,2,40.3411622883558,88.52168303201704,269.0429065681441,0.5785567164421082,0.6823018193244934,0.010902635753154755 
0:00:01.119181,3,262.09685702015884,79.0508448913494,280.84763794191724,0.5534170866012573,0.6774845123291016,0.010233909823000431 
0:00:01.119181,4,178.2822064519696,289.243059257161,90.59953519078327,0.5966898202896118,0.6779373288154602,-0.004864935763180256 
0:00:01.119181,5,121.55040589335626,66.49238667496506,249.66161011414732,0.5537068843841553,0.693869948387146,-0.014647748321294785 
0:00:01.119181,6,120.28561692232927,65.28114714935894,248.32118345654828,0.5226147770881653,0.7062296867370605,-0.02186603471636772 
0:00:01.119181,7,114.52178023945704,63.044686483544744,245.17121689628587,0.4978409707546234,0.7176918983459473,-0.027094928547739983 
0:00:01.119181,8,297.1019190153328,284.3873140493172,77.13684907474621,0.6037710309028625,0.6935023665428162,-0.014715497381985188 
0:00:01.119181,9,125.88057344397455,71.45535957659456,254.7940884715549,0.5561162233352661,0.7064551711082458,-0.024085072800517082 
0:00:01.119181,10,116.05135394166489,65.36612370587423,247.61016655199114,0.522716224193573,0.7202147245407104,-0.030811328440904617 
0:00:01.119181,11,113.38462556085366,63.03665674580394,244.9705215882771,0.49531030654907227,0.7330114841461182,-0.03634490445256233 
0:00:01.119181,12,302.97629578921095,280.9463793614033,80.78405704255796,0.616095781326294,0.7134140133857727,-0.023629682138562202 
0:00:01.119181,13,131.27502283501582,75.19168771644915,258.7625212382302,0.5707895755767822,0.7224156856536865,-0.031530894339084625 
0:00:01.119181,14,116.62757938481518,69.9224059739705,251.90577972286087,0.542062520980835,0.7318019270896912,-0.036236826330423355 
0:00:01.119181,15,120.80305366372606,70.91765536778782,253.45143587949048,0.5188349485397339,0.7387036681175232,-0.040351588279008865 
0:00:01.119181,16,359.20869181046555,274.3287235673723,89.94010420719808,0.6329264640808105,0.7385843992233276,-0.03171630576252937 
0:00:01.119181,17,142.78504283327038,71.27517937681968,258.41443669289146,0.6021835803985596,0.7448869347572327,-0.0400150902569294 
0:00:01.119181,18,155.23878487816694,78.53435246616172,265.1442693798514,0.5801321268081665,0.7467602491378784,-0.04407653212547302 
0:00:01.119181,19,177.13407093921774,80.88634903391295,269.5404537184477,0.5609371066093445,0.7469142079353333,-0.04715191572904587 
0:00:01.119181,20,None,None,None,0.5609371066093445,0.7469142079353333,-0.04715191572904587 
0:00:01.169296,0,293.17493164950343,62.85526416607027,295.2363573926728,0.6645833253860474,0.6811173558235168,0.008504337631165981 
0:00:01.169296,1,33.33453476656648,86.22021195746187,267.92080105376067,0.6123417615890503,0.6830139756202698,0.011387876234948635 
0:00:01.169296,2,42.474215427804126,87.91235683502384,268.58996208898935,0.5769249200820923,0.6838857531547546,0.012340114451944828 
0:00:01.169296,3,266.9643037058084,73.11746269852817,286.8601916137137,0.5526587963104248,0.6765315532684326,0.011950102634727955 
0:00:01.169296,4,182.97078700355723,291.24537923308276,88.84567358283675,0.5977759957313538,0.6756224632263184,-0.00556725449860096 
0:00:01.169296,5,121.48815568037786,66.3861159303233,249.554413153091,0.5542805790901184,0.6918376684188843,-0.015499334782361984 
0:00:01.169296,6,118.63258006504,64.78620926496033,247.54580100451847,0.5225715637207031,0.7049422860145569,-0.02265387400984764 
0:00:01.169296,7,113.49910683269033,61.73813021687177,243.7565941047875,0.49735456705093384,0.717374324798584,-0.028059247881174088 
0:00:01.169296,8,295.32038442394787,284.9272071013311,76.45135044048803,0.6050578355789185,0.691420316696167,-0.015779545530676842 
0:00:01.169296,9,126.04760438403652,70.52113474693915,254.0405664650943,0.5568960905075073,0.7051935791969299,-0.025803901255130768 
0:00:01.169296,10,116.026994968192,64.63947623568882,246.92976795031035,0.523327648639679,0.7194911241531372,-0.03278562054038048 
0:00:01.169296,11,113.4258140890527,61.804742489949305,243.80733760390598,0.49581462144851685,0.7330248355865479,-0.03864942118525505 
0:00:01.169296,12,303.4859674810915,281.61762033341665,80.27026959162417,0.6169943809509277,0.7122464776039124,-0.02490384317934513 
0:00:01.169296,13,131.18635492900145,73.77366732889676,257.6462908509053,0.5714010000228882,0.7222322225570679,-0.033641502261161804 
0:00:01.169296,14,118.62606217411782,69.2117890714424,251.5706353061209,0.5424115657806396,0.7318922281265259,-0.03891400992870331 
0:00:01.169296,15,121.99808841829827,69.80191474878497,252.67232504511907,0.5194129943847656,0.7390676736831665,-0.04339739307761192 
0:00:01.169296,16,356.7492400643895,275.2200524628735,89.70317247113985,0.632888913154602,0.7384797930717468,-0.0330469124019146 
0:00:01.169296,17,145.81214285845948,71.14943075440439,259.1401673770572,0.6008481383323669,0.7446265816688538,-0.04209576174616814 
0:00:01.169296,18,155.32064548239188,76.34880706611521,264.20951790317326,0.5787915587425232,0.7468633055686951,-0.046963367611169815 
0:00:01.169296,19,170.3219986614813,78.55307028574289,268.0503802487465,0.5598615407943726,0.7475076913833618,-0.05074191465973854 
0:00:01.169296,20,None,None,None,0.5598615407943726,0.7475076913833618,-0.05074191465973854 
0:00:01.219748,0,294.8755685840042,62.760806069817534,295.03418885110847,0.6664016246795654,0.6848015785217285,0.008922004140913486 
0:00:01.219748,1,39.54858192095998,86.70968518217866,267.90358036459213,0.6145130395889282,0.6867009997367859,0.01122220978140831 
0:00:01.219748,2,53.517834445539876,89.17701301303003,269.3382678320408,0.5787964463233948,0.6871135234832764,0.01152726262807846 
0:00:01.219748,3,254.67081247985348,79.2565242981765,280.3696932813807,0.5531038045883179,0.6824120879173279,0.010238520801067352 
0:00:01.219748,4,185.50293465533653,290.7900499320631,87.9148563266615,0.600217878818512,0.6806967258453369,-0.007566636428236961 
0:00:01.219748,5,124.24280650090536,66.6507032795591,250.36056580868183,0.555426836013794,0.6966808438301086,-0.018446898087859154 
0:00:01.219748,6,121.91813430943148,65.92243648288172,249.2287778638743,0.5235210657119751,0.7087823748588562,-0.0259847529232502 
0:00:01.219748,7,116.03204697283527,63.90225161222314,246.24327252114438,0.4982532858848572,0.7199040055274963,-0.03141683712601662 
0:00:01.219748,8,298.00467312478133,283.9553862575074,77.6251609829729,0.6079896092414856,0.6958274245262146,-0.01861257292330265 
0:00:01.219748,9,130.33297618048107,71.09915166176718,255.37186898588413,0.5579153299331665,0.708897054195404,-0.029709363356232643 
0:00:01.219748,10,118.62147622817147,65.72577470325089,248.40296342270864,0.5234925746917725,0.7225239276885986,-0.03714560344815254 
0:00:01.219748,11,115.53352924088883,63.54610703973142,245.82085090908993,0.49583521485328674,0.7349415421485901,-0.04307742416858673 
0:00:01.219748,12,307.83885257097904,280.8699067261559,81.37681749353914,0.6210217475891113,0.7159570455551147,-0.028330909088253975 
0:00:01.219748,13,133.5487806782747,73.97166390979889,258.23806597926483,0.5737013220787048,0.7258099913597107,-0.0376969613134861 
0:00:01.219748,14,119.24787837346103,70.05279425908981,252.42914056667803,0.5436481833457947,0.7353265881538391,-0.04302604869008064 
0:00:01.219748,15,124.4505846973241,71.98040958917633,254.98417696656037,0.5195803642272949,0.7417826652526855,-0.047454994171857834 
0:00:01.219748,16,0.1832003469333778,275.06560793102364,90.01623933040241,0.6383985877037048,0.7418163418769836,-0.03692268952727318 
0:00:01.219748,17,144.41331280922705,69.6287690997489,257.80661660516046,0.6059284806251526,0.7488327026367188,-0.046727851033210754 
0:00:01.219748,18,154.9552049838182,77.23453754285151,264.5215671913925,0.582970142364502,0.7510346174240112,-0.051440250128507614 
0:00:01.219748,19,175.91944842137892,80.300495582598,269.30315869083546,0.5628581643104553,0.7512792348861694,-0.0548691600561142 
0:00:01.219748,20,None,None,None,0.5628581643104553,0.7512792348861694,-0.0548691600561142 
0:00:01.269872,0,295.5937194961407,59.983018042558506,297.52208534094024,0.6646143198013306,0.6820950508117676,0.01057332195341587 
0:00:01.269872,1,40.68099440045845,85.00628591033754,266.7401176648343,0.6134434342384338,0.6850095987319946,0.013964070938527584 
0:00:01.269872,2,54.15140471345019,86.7823432154418,267.3909319025759,0.5777748227119446,0.6866349577903748,0.0151384137570858 
0:00:01.269872,3,265.1866597877911,77.53266551496775,282.42473433939136,0.5529259443283081,0.6811603307723999,0.014677412807941437 
0:00:01.269872,4,183.98550034911437,293.3475938700142,88.28154878281696,0.5983144044876099,0.6797986030578613,-0.004867278039455414 
0:00:01.269872,5,120.21654139486175,65.67203727654248,248.6605423821031,0.5544832944869995,0.6969224214553833,-0.014840197749435902 
0:00:01.269872,6,120.5021319897956,65.74534381339849,248.78322219871433,0.5233993530273438,0.7089895606040955,-0.021948890760540962 
0:00:01.269872,7,115.5960252076039,63.884553411700956,246.14884816167717,0.4988258183002472,0.7198539972305298,-0.02715332992374897 
0:00:01.269872,8,295.39072073298615,283.8295327552129,77.46196108968877,0.6053287982940674,0.6961686611175537,-0.0159114059060812 
0:00:01.269872,9,125.00952608737204,70.53879339684335,253.8585402751003,0.5561343431472778,0.710406482219696,-0.025884363800287247 
0:00:01.269872,10,117.43978161694338,65.98644833544824,248.42664982481193,0.5226156115531921,0.7236594557762146,-0.03276573121547699 
0:00:01.269872,11,116.06982240988505,64.26101887616224,246.5846928704213,0.4958922266960144,0.7352321743965149,-0.03842759132385254 
0:00:01.269872,12,305.52152255587316,280.28485548155317,81.59883174213716,0.6173385977745056,0.7172960042953491,-0.025623677298426628 
0:00:01.269872,13,129.7318868692298,73.93456488640138,257.5122358016722,0.5715451240539551,0.7274379134178162,-0.03405319154262543 
0:00:01.269872,14,123.89686538343909,71.46953197388449,254.45240498615766,0.5424248576164246,0.7355397343635559,-0.03949674591422081 
0:00:01.269872,15,133.46835750377403,73.47043168694536,257.8449982123598,0.5198640823364258,0.7403990030288696,-0.04410292208194733 
0:00:01.269872,16,18.088173986527995,275.27619068012234,91.6423492287144,0.6339583992958069,0.7436703443527222,-0.03408724069595337 
0:00:01.269872,17,145.38968515559642,70.89817076321759,258.8717023843675,0.6021630167961121,0.7499246597290039,-0.04314989596605301 
0:00:01.269872,18,161.12738787298858,76.70453216869366,265.62898746158373,0.5800856351852417,0.7516121864318848,-0.04808645695447922 
0:00:01.269872,19,186.4474966733972,78.88613722738268,271.26369230674595,0.5610281825065613,0.7511917948722839,-0.05180649086833 
0:00:01.269872,20,None,None,None,0.5610281825065613,0.7511917948722839,-0.05180649086833 
0:00:01.319971,0,296.923442845995,57.20953641294214,299.87284106461505,0.6682767868041992,0.6843864917755127,0.011782199144363403 
0:00:01.319971,1,22.877165366360224,85.73837002801845,268.34066450895216,0.619496762752533,0.6857995986938477,0.015131214633584023 
0:00:01.319971,2,7.943786891490263,88.44540105743651,269.7851003969627,0.5838521122932434,0.6859332919120789,0.016089310869574547 
0:00:01.319971,3,257.9698877656848,82.18980530955935,277.64071739971195,0.5583022236824036,0.68250572681427,0.015358876436948776 
0:00:01.319971,4,180.36764135525277,294.0190424664787,89.83617066382992,0.6009101867675781,0.6823838949203491,-0.0036279906053096056 
0:00:01.319971,5,120.26605526194498,68.46587966882586,251.18024701647815,0.5558246374130249,0.6977496147155762,-0.01259478460997343 
0:00:01.319971,6,120.23238310595255,68.76747670526538,251.44391574141704,0.5243672728538513,0.7083093523979187,-0.01874869130551815 
0:00:01.319971,7,113.67111552380126,66.29705722521541,248.09529662054348,0.4998279809951782,0.7181764245033264,-0.02307410165667534 
0:00:01.319971,8,291.8576522669568,281.565120897082,79.24616708516372,0.6067769527435303,0.6978641152381897,-0.01492603961378336 
0:00:01.319971,9,126.42687177644392,73.62835668084008,256.7006209826007,0.5563098788261414,0.7097934484481812,-0.02372974157333374 
0:00:01.319971,10,115.0709455912424,68.16478706709165,250.05246628223105,0.5226865410804749,0.7219964861869812,-0.02943851798772812 
0:00:01.319971,11,113.36875219280122,66.0442804051306,247.811551329366,0.49654850363731384,0.7326570749282837,-0.034044865518808365 
0:00:01.319971,12,303.9015846387032,277.87070262653464,83.45456115328776,0.6181307435035706,0.7187068462371826,-0.02467014081776142 
0:00:01.319971,13,130.01607597835022,77.51702734739776,260.3770598920222,0.5707681179046631,0.7267371416091919,-0.03141219913959503 
0:00:01.319971,14,115.95849656445692,73.8008720896972,255.36133927888048,0.540678858757019,0.7345964908599854,-0.035238415002822876 
0:00:01.319971,15,127.6215546851504,75.82317901467727,258.68559990269677,0.5177469253540039,0.7391847372055054,-0.03877459093928337 
0:00:01.319971,16,48.55568067247917,274.18317071620464,93.13814361251967,0.6348454356193542,0.7456047534942627,-0.0331057533621788 
0:00:01.319971,17,139.85453250097376,74.30555898771681,259.73176975140103,0.6024958491325378,0.7514651417732239,-0.04005398973822594 
0:00:01.319971,18,149.45181624506765,81.50861646364874,265.660584049363,0.5799373984336853,0.7531769275665283,-0.042954444885253906 
0:00:01.319971,19,173.47661213860326,83.43113400560948,269.2504748873167,0.5606287121772766,0.7534295320510864,-0.045163508504629135 
0:00:01.319971,20,None,None,None,0.5606287121772766,0.7534295320510864,-0.045163508504629135 
0:00:01.369986,0,294.33374624304827,58.917377458086456,298.7786919669148,0.6652560234069824,0.6829424500465393,0.010600742883980274 
0:00:01.369986,1,32.5091563318614,86.35596559906082,268.03969098313,0.6160272359848022,0.6846274137496948,0.013244673609733582 
0:00:01.369986,2,73.95349323655033,88.03052223778847,268.1072007804148,0.5801265835762024,0.685813844203949,0.013585919514298439 
0:00:01.369986,3,253.4553374478343,79.99193664106772,279.6015854873675,0.5546348094940186,0.6815015077590942,0.012304889969527721 
0:00:01.369986,4,181.19950198385678,290.3323549177458,89.55556191905049,0.6000698208808899,0.6811490654945374,-0.004527515731751919 
0:00:01.369986,5,122.44322925803314,68.1736663881511,251.32498899321206,0.5548267960548401,0.6964409947395325,-0.014248261228203773 
0:00:01.369986,6,121.51453954868244,67.43780204973685,250.4956048209533,0.523358941078186,0.7075870633125305,-0.021082472056150436 
0:00:01.369986,7,114.48196901532123,64.81969145785109,246.83514404575874,0.49863582849502563,0.7181654572486877,-0.025899304077029228 
0:00:01.369986,8,296.5520307425541,282.10717925010596,79.13768598456409,0.6064949035644531,0.697468638420105,-0.01555677317082882 
0:00:01.369986,9,128.8945867034898,73.27939228019984,256.84023734545525,0.5563130378723145,0.7092015147209167,-0.025022180750966072 
0:00:01.369986,10,115.83989021054025,66.82531072021678,248.9294925661988,0.5229121446609497,0.7220700979232788,-0.031254153698682785 
0:00:01.369986,11,113.44130817220216,64.24132920229485,246.12077792884554,0.49691206216812134,0.733580470085144,-0.036244992166757584 
0:00:01.369986,12,307.2185294236883,278.57174095258756,83.15538916549224,0.6180599331855774,0.7190387845039368,-0.02519983798265457 
0:00:01.369986,13,134.01943511907675,77.41580209075069,260.88008369232557,0.5709236860275269,0.7266055941581726,-0.032511983066797256 
0:00:01.369986,14,115.58257697804508,72.22874114157501,253.87595182716183,0.5410751700401306,0.7352344989776611,-0.03664303570985794 
0:00:01.369986,15,124.83292157375466,73.90662031574325,256.6769333307626,0.5184729099273682,0.740587055683136,-0.040367722511291504 
0:00:01.369986,16,39.505100010395125,274.27449741170756,92.72221418233238,0.6345961689949036,0.7461084127426147,-0.03367099538445473 
0:00:01.369986,17,145.41765503237414,74.35200629657308,260.96634504315824,0.6019664406776428,0.7512961030006409,-0.04119594022631645 
0:00:01.369986,18,148.73989146531525,80.27390691592775,264.917227180233,0.5793655514717102,0.7533063292503357,-0.04450737312436104 
0:00:01.369986,19,165.8361491253631,82.52587906183089,268.16130129580495,0.5600391030311584,0.7539267539978027,-0.046965789049863815 
0:00:01.369986,20,None,None,None,0.5600391030311584,0.7539267539978027,-0.046965789049863815 
0:00:01.420162,0,286.1211535702695,59.836869562389296,299.1746189767596,0.6712390184402466,0.6834147572517395,0.006745186634361744 
0:00:01.420162,1,340.4665671945159,88.39949066516604,270.5352649167681,0.619273841381073,0.682929277420044,0.008113601244986057 
0:00:01.420162,2,157.68071462789823,88.61763126603753,269.4749340133217,0.5830208659172058,0.683261513710022,0.007304301485419273 
0:00:01.420162,3,244.71783502115989,77.85967496454839,281.0073120525245,0.5570619106292725,0.6782121658325195,0.004919408354908228 
0:00:01.420162,4,188.53463048927293,281.61762325692996,88.25237979918965,0.6064081788063049,0.6767065525054932,-0.0051134005188941956 
0:00:01.420162,5,125.84010758132862,68.37548504800252,252.18456963003712,0.5616906881332397,0.6910770535469055,-0.015493032522499561 
0:00:01.420162,6,127.63911330554032,68.05543006103801,252.30489160558704,0.5291599035263062,0.7014558911323547,-0.02349710650742054 
0:00:01.420162,7,120.85100188826432,66.16086189577855,249.2259595168099,0.5025839805603027,0.7115373611450195,-0.029519038274884224 
0:00:01.420162,8,306.015478484445,282.22992634118077,80.05576530315302,0.6131073236465454,0.6921600103378296,-0.015432569198310375 
0:00:01.420162,9,128.19740121593716,72.7946914458254,256.3228195281912,0.564487099647522,0.7039918303489685,-0.024742424488067627 
0:00:01.420162,10,123.89976293623653,68.89777319798425,252.2390600987103,0.5307546257972717,0.714796781539917,-0.03200298547744751 
0:00:01.420162,11,123.48736651648437,68.3756361075627,251.7052238603129,0.5022481083869934,0.7242215275764465,-0.038238100707530975 
0:00:01.420162,12,321.19262177835117,277.91799459569665,85.01851715941604,0.6240976452827454,0.713600754737854,-0.025032006204128265 
0:00:01.420162,13,130.66078105159983,75.48645138137529,258.88998931410083,0.5773915648460388,0.7227725982666016,-0.032910119742155075 
0:00:01.420162,14,121.04982299830628,74.1339734769619,256.3151429716204,0.5465872883796692,0.7302732467651367,-0.037425845861434937 
0:00:01.420162,15,135.61710452049874,76.65724679997203,260.5807483804269,0.5213311314582825,0.734463095664978,-0.041706934571266174 
0:00:01.420162,16,42.23833599751611,275.03938056733796,93.39234553660773,0.6390404105186462,0.7414405345916748,-0.03402223065495491 
0:00:01.420162,17,143.92608765242426,74.55326212056043,260.758545164747,0.6052042841911316,0.7469459176063538,-0.041579220443964005 
0:00:01.420162,18,163.9674489518082,82.15825809251137,267.82166605653424,0.5819123983383179,0.7478318810462952,-0.04466233029961586 
0:00:01.420162,19,206.2614422686729,81.45139500117638,273.8051974502078,0.5618688464164734,0.7464987635612488,-0.047364264726638794 
0:00:01.420162,20,None,None,None,0.5618688464164734,0.7464987635612488,-0.047364264726638794 
0:00:01.470237,0,283.7342835850337,59.254913711002395,300.0199140041862,0.6696144938468933,0.6834546327590942,0.005787704139947891 
0:00:01.470237,1,339.60379968565763,87.80422947745032,270.76557703182766,0.6177026629447937,0.6827609539031982,0.0076533290557563305 
0:00:01.470237,2,100.30428886030315,87.97784237276086,268.01043001127266,0.5824307799339294,0.683986246585846,0.007430560886859894 
0:00:01.470237,3,254.89942778916162,77.46723814790084,282.1130032947662,0.5570343732833862,0.6785356998443604,0.005959832109510899 
0:00:01.470237,4,185.33041086901852,280.18006927031973,89.04429064086776,0.6031800508499146,0.6777659058570862,-0.002290681004524231 
0:00:01.470237,5,123.76770706454982,67.80023194968523,251.26088238108463,0.5608621835708618,0.6921219229698181,-0.011889483779668808 
0:00:01.470237,6,127.39776457751825,66.93247634806815,251.308059177406,0.529626190662384,0.7026898264884949,-0.019968602806329727 
0:00:01.470237,7,122.86388628637023,66.29263002965277,249.75368358223332,0.5039032697677612,0.7121776342391968,-0.026098061352968216 
0:00:01.470237,8,309.69922032296904,282.1261135644132,80.61312070591228,0.6094333529472351,0.6947320699691772,-0.011614875867962837 
0:00:01.470237,9,124.6845545747498,72.69916635939764,255.6336589603673,0.5631396770477295,0.7065892815589905,-0.019820470362901688 
0:00:01.470237,10,123.68984969820964,68.81868140624519,252.12965147245734,0.5298261642456055,0.7173302173614502,-0.026981035247445107 
0:00:01.470237,11,124.70017052069977,68.55196516658611,252.10009139737005,0.5018924474716187,0.7263525128364563,-0.03322840854525566 
0:00:01.470237,12,321.6609535469864,277.7920982477882,85.14806434961787,0.6202531456947327,0.7163054347038269,-0.020524410530924797 
0:00:01.470237,13,128.86625576261932,76.33246474359436,259.27864416782,0.5757793188095093,0.7247260212898254,-0.02731078304350376 
0:00:01.470237,14,122.82957794610537,74.85170129915198,257.18406756635744,0.5464398264884949,0.7314003705978394,-0.03161698579788208 
0:00:01.470237,15,142.1855875948181,77.33461789473628,262.1551698855709,0.5226542353630066,0.7346775531768799,-0.035839710384607315 
0:00:01.470237,16,51.08044875606809,275.4866894902218,94.27395414560978,0.6352832317352295,0.7430946826934814,-0.029043199494481087 
0:00:01.470237,17,145.287138393614,75.69235832695395,261.73640029784127,0.6034870743751526,0.7477126121520996,-0.035709138959646225 
0:00:01.470237,18,164.93963252945088,82.23368207557502,267.970425182677,0.5809841156005859,0.7485100626945496,-0.03867277130484581 
0:00:01.470237,19,207.08592624954326,81.26301760976497,274.0027767274444,0.5616577863693237,0.7471576929092407,-0.041317135095596313 
0:00:01.470237,20,None,None,None,0.5616577863693237,0.7471576929092407,-0.041317135095596313 
0:00:01.520170,0,290.8902125925195,59.01539690245577,299.2933680786097,0.6710875034332275,0.6796760559082031,0.00860937312245369 
0:00:01.520170,1,322.0517778738872,86.98916442393913,271.85257091170257,0.6204180717468262,0.678037166595459,0.01071096770465374 
0:00:01.520170,2,282.5675862788894,89.09519587607494,270.8831285063685,0.5836840867996216,0.6774709224700928,0.010837201960384846 
0:00:01.520170,3,252.5987322599233,78.05536418967601,281.4126484093458,0.5580859780311584,0.6723035573959351,0.009217722341418266 
0:00:01.520170,4,179.57877815399962,288.06453823665856,90.13738652265025,0.6059864163398743,0.6724184155464172,-0.006405324675142765 
0:00:01.520170,5,126.16035861572782,69.11919917258004,252.8814715690467,0.5617291331291199,0.6860494017601013,-0.016367223113775253 
0:00:01.520170,6,129.2246574396897,69.97936307173792,254.23702086688417,0.5297883749008179,0.695065438747406,-0.023726986721158028 
0:00:01.520170,7,122.0972392242695,68.60298003151973,251.63679293137818,0.5032864809036255,0.7038625478744507,-0.029244812205433846 
0:00:01.520170,8,306.3997445693831,280.7535079511573,81.30873841289211,0.6119953989982605,0.687244713306427,-0.0169932022690773 
0:00:01.520170,9,129.9148422833109,73.99319193666098,257.5908300944206,0.5630424618721008,0.6980159282684326,-0.02600407786667347 
0:00:01.520170,10,126.60063465800596,71.74381923751722,255.16723068181318,0.5290449261665344,0.7070192694664001,-0.03269070386886597 
0:00:01.520170,11,125.00612154918069,70.77659785038857,254.05998232643392,0.500026524066925,0.7153072953224182,-0.03849536180496216 
0:00:01.520170,12,330.20831904237696,276.4933149148495,86.7633735972554,0.6226614713668823,0.7083722949028015,-0.026382090523838997 
0:00:01.520170,13,136.28423757482298,77.35242007663909,261.1849226803979,0.5759997963905334,0.7156084775924683,-0.03395015373826027 
0:00:01.520170,14,134.25140490301388,76.96119468784367,260.581624488844,0.5453739762306213,0.7206886410713196,-0.03889927268028259 
0:00:01.520170,15,154.6232487945241,78.43218718141986,264.98675444133926,0.5201124548912048,0.722904622554779,-0.04357101023197174 
0:00:01.520170,16,55.55197097897222,277.50921894851757,96.20374241275331,0.637457013130188,0.7356600761413574,-0.03482145443558693 
0:00:01.520170,17,156.27516429213608,75.10801966485921,263.89285319985186,0.6050624251365662,0.7391261458396912,-0.04270809143781662 
0:00:01.520170,18,190.38706986651064,80.32047061235497,271.7614313746694,0.5827459096908569,0.7384398579597473,-0.04645213857293129 
0:00:01.520170,19,216.9963233517029,78.50070420173508,276.979563847533,0.5634363889694214,0.7360759377479553,-0.04958958551287651 
0:00:01.520170,20,None,None,None,0.5634363889694214,0.7360759377479553,-0.04958958551287651 
0:00:01.570163,0,289.1430358730631,57.57534599647794,300.96784454265224,0.670676052570343,0.6803491115570068,0.008419117890298367 
0:00:01.570163,1,331.0949946216566,86.7214281480949,271.58605342763303,0.6191889047622681,0.678923487663269,0.011001097969710827 
0:00:01.570163,2,302.51929514213197,88.73195253165488,271.0692813328268,0.5822821855545044,0.6782346367835999,0.011440270580351353 
0:00:01.570163,3,257.0980145852436,78.18411260971519,281.5256586220002,0.5561509132385254,0.6729059815406799,0.010219651274383068 
0:00:01.570163,4,187.47057976598728,286.48021298374783,87.79726215107597,0.6059139370918274,0.6709918975830078,-0.004377174191176891 
0:00:01.570163,5,122.74214744865333,68.29695844549181,251.49093287596128,0.5622939467430115,0.6855946183204651,-0.013767130672931671 
0:00:01.570163,6,126.53282843375594,69.53140049633076,253.3049360694086,0.5304397344589233,0.6951483488082886,-0.020844994112849236 
0:00:01.570163,7,122.86389648945462,68.95965475356631,252.09383688565563,0.504429042339325,0.7035526633262634,-0.026274479925632477 
0:00:01.570163,8,304.3888148881575,280.8110427953836,81.0447061655467,0.611531138420105,0.6866750121116638,-0.01472294982522726 
0:00:01.570163,9,126.36736752991855,73.10916991685404,256.26033255310585,0.5638978481292725,0.6983217000961304,-0.02329939417541027 
0:00:01.570163,10,123.62172851443984,70.86391077563717,253.88389620980752,0.529678463935852,0.7082090377807617,-0.029873931780457497 
0:00:01.570163,11,124.82845034344867,70.33929755166074,253.65477681172825,0.5011518001556396,0.7165752649307251,-0.035694774240255356 
0:00:01.570163,12,325.4966285273672,276.6276838467106,86.23431353102022,0.621755838394165,0.7086372971534729,-0.024146415293216705 
0:00:01.570163,13,135.11869221466202,76.82007736699146,260.6169152899102,0.5762253403663635,0.7161610126495361,-0.03170136734843254 
0:00:01.570163,14,129.38791704190874,75.42917036843545,258.64067175852966,0.5460095405578613,0.7222312688827515,-0.036685388535261154 
0:00:01.570163,15,148.9476925962027,77.51208094501865,263.4827539007101,0.5218140482902527,0.7249953746795654,-0.04127613455057144 
0:00:01.570163,16,54.13776463730952,277.32157746179945,95.94469655352013,0.6360079050064087,0.736886203289032,-0.03268054872751236 
0:00:01.570163,17,159.9424687516966,75.53905233669629,264.9455103624664,0.6033890247344971,0.7397712469100952,-0.04058244451880455 
0:00:01.570163,18,181.2229835398261,79.61315528385936,270.2241510696383,0.5807489156723022,0.739682674407959,-0.04473136365413666 
0:00:01.570163,19,210.9757148037269,78.3002467323833,276.08371451657615,0.5614439845085144,0.7376251220703125,-0.04815899580717087 
0:00:01.570163,20,None,None,None,0.5614439845085144,0.7376251220703125,-0.04815899580717087 
0:00:01.619884,0,290.83708214694593,59.24049925533324,299.0843797901305,0.6570026874542236,0.6808077096939087,0.008355328813195229 
0:00:01.619884,1,275.09346651997566,81.72178986623763,278.2459714936945,0.6106528043746948,0.6740906238555908,0.008954040706157684 
0:00:01.619884,2,202.10415177446035,86.2678331125602,271.4060896206112,0.5768168568611145,0.6732600927352905,0.006909114308655262 
0:00:01.619884,3,169.40034007996553,80.75718541942838,268.2854344477481,0.5534518957138062,0.673959493637085,0.003171775955706835 
0:00:01.619884,4,228.75213323990283,281.68954581177627,81.1579054972698,0.5918319225311279,0.6679890751838684,-0.002063747262582183 
0:00:01.619884,5,125.81238019726831,70.88340346259407,254.30063594294796,0.5453652739524841,0.6810497045516968,-0.011487660929560661 
0:00:01.619884,6,124.58605074487984,63.846570321611274,247.9879706317697,0.518832266330719,0.6917762160301208,-0.018883531913161278 
0:00:01.619884,7,121.90974696026427,64.35216687705314,247.82479433931843,0.4967884123325348,0.7007610201835632,-0.02447820082306862 
0:00:01.619884,8,297.0099360362839,283.49415016058884,77.9320376615258,0.5971270799636841,0.6793089509010315,-0.013543139211833477 
0:00:01.619884,9,125.18302996640095,75.08380884733857,257.7173430081632,0.5465407371520996,0.6903225183486938,-0.02130747213959694 
0:00:01.619884,10,116.97582203952526,66.6971055541833,249.00000785504574,0.5174692869186401,0.7014819979667664,-0.026987580582499504 
0:00:01.619884,11,124.53818036223454,69.60256152886849,252.96978457262014,0.4925328493118286,0.7091202139854431,-0.03224467858672142 
0:00:01.619884,12,306.2303031512257,276.5150608145823,84.73672719543987,0.6083184480667114,0.698453962802887,-0.024429496377706528 
0:00:01.619884,13,125.90189689245604,76.84444620824628,259.27929884399555,0.5607902407646179,0.7074522972106934,-0.03094365820288658 
0:00:01.619884,14,117.18096008910837,75.25207263449147,256.8205586943714,0.5338073372840881,0.713770866394043,-0.03418830782175064 
0:00:01.619884,15,164.859441008396,79.76829662701729,267.30082709626924,0.5107641816139221,0.7148572206497192,-0.03820321336388588 
0:00:01.619884,16,69.93453061153926,275.25273158755374,94.93552241099918,0.6238769292831421,0.7246250510215759,-0.03463536873459816 
0:00:01.619884,17,127.93384253547404,72.72107306569185,256.21526505286306,0.5956157445907593,0.7315586805343628,-0.040039632469415665 
0:00:01.619884,18,113.82383344345963,84.19685784590784,264.68837493329346,0.5756382942199707,0.7334160208702087,-0.04085974022746086 
0:00:01.619884,19,190.47410606692964,84.70285998086334,270.9656347616931,0.5570232272148132,0.7331022620201111,-0.04255691170692444 
0:00:01.619884,20,None,None,None,0.5570232272148132,0.7331022620201111,-0.04255691170692444 
0:00:01.670725,0,289.86549865312486,58.28779381012707,300.1624598259325,0.6722520589828491,0.6817305088043213,0.007929537445306778 
0:00:01.670725,1,294.1780053211313,84.54747546890184,274.97673161479787,0.622103214263916,0.6773635745048523,0.009890100918710232 
0:00:01.670725,2,263.40387102992327,86.5810228700797,273.39639846530577,0.5867699980735779,0.6752666234970093,0.009647618979215622 
0:00:01.670725,3,247.2431943164254,80.27367366082619,278.98203115309104,0.5607203245162964,0.6711491346359253,0.00792043749243021 
0:00:01.670725,4,182.81856361041193,285.47876246255424,89.21983110235544,0.6053668260574341,0.6705411672592163,-0.004428356420248747 
0:00:01.670725,5,128.02359618887297,70.17219489339469,254.14323002449436,0.5605809688568115,0.6832622289657593,-0.014375578612089157 
0:00:01.670725,6,129.717876008574,70.89411950756912,255.08028703117822,0.5284709334373474,0.6918178796768188,-0.021483127027750015 
0:00:01.670725,7,122.96566083565398,69.23117336605783,252.34982674512102,0.5025986433029175,0.7000499963760376,-0.02682211436331272 
0:00:01.670725,8,306.33274579228095,280.09616872162405,81.83707065493284,0.6106302738189697,0.6845537424087524,-0.015425343066453934 
0:00:01.670725,9,138.06208774795724,75.05978630311152,259.8887406524652,0.5609334111213684,0.693416178226471,-0.02528955042362213 
0:00:01.670725,10,127.63999773039534,71.77013385921369,255.38237815233046,0.5261790156364441,0.7024804353713989,-0.032280053943395615 
0:00:01.670725,11,124.46486630691516,70.84429446702478,254.01841927541525,0.4977635443210602,0.7106185555458069,-0.037865884602069855 
0:00:01.670725,12,338.10297754052783,276.1380125241802,87.70332576382276,0.6206837892532349,0.7056887149810791,-0.025600679218769073 
0:00:01.670725,13,142.5805441723838,77.1139578565688,262.08582570054256,0.5731123685836792,0.7123017907142639,-0.03424413874745369 
0:00:01.670725,14,137.7613131700214,76.57848307610602,260.88668875709993,0.5423808097839355,0.7172315120697021,-0.039673492312431335 
0:00:01.670725,15,159.74458743227459,78.93393470662875,266.12641870875643,0.5174368023872375,0.7189204692840576,-0.044250279664993286 
0:00:01.670725,16,56.89399038606643,278.2905625482097,96.95913706317114,0.6350032091140747,0.7332707047462463,-0.03489333391189575 
0:00:01.670725,17,157.90562389553423,74.05852775696566,263.867733006154,0.6030230522155762,0.7367066144943237,-0.04335734248161316 
0:00:01.670725,18,191.924373109931,79.56722324735297,272.1787177460075,0.5808836817741394,0.7358643412590027,-0.047345805913209915 
0:00:01.670725,19,221.5820404117822,77.43798136634969,278.4125409849474,0.5620020627975464,0.7330719232559204,-0.050492968410253525 
0:00:01.670725,20,None,None,None,0.5620020627975464,0.7330719232559204,-0.050492968410253525 
0:00:01.720276,0,289.52941852020183,57.81766553981946,300.67214897618277,0.6700685024261475,0.6790899634361267,0.008250955492258072 
0:00:01.720276,1,320.9666815891482,85.53893678540587,272.8128825251766,0.6190460920333862,0.6765830516815186,0.01134305540472269 
0:00:01.720276,2,12.093801038429563,88.03218203901135,269.58756194361575,0.5831931829452515,0.676841139793396,0.012547564692795277 
0:00:01.720276,3,266.22545474639844,80.22490176272728,279.7543019922075,0.5581213235855103,0.6725310683250427,0.012263213284313679 
0:00:01.720276,4,182.43647579643857,290.4660724720663,89.09103339569307,0.6040858030319214,0.6718018054962158,-0.004875677637755871 
0:00:01.720276,5,124.87834609123624,68.66021759171136,252.22911096713628,0.5603159666061401,0.6858302354812622,-0.01465416606515646 
0:00:01.720276,6,123.34056391885883,67.59005469622944,250.99095020291782,0.5288586020469666,0.6966674327850342,-0.02178386226296425 
0:00:01.720276,7,116.98364553913146,65.61529019290964,248.0037280929323,0.5037013292312622,0.7068297266960144,-0.026958156377077103 
0:00:01.720276,8,303.1623001454157,281.77404661370394,80.10218193532926,0.6102645993232727,0.6882356405258179,-0.014807993546128273 
0:00:01.720276,9,133.29192206505388,74.20683310931307,258.3669055120198,0.5611480474472046,0.6983473896980286,-0.0243341326713562 
0:00:01.720276,10,120.80056622988626,68.93627710859255,251.6948338331777,0.5272880792617798,0.7095488905906677,-0.03101171739399433 
0:00:01.720276,11,117.13966410530485,66.70966988664264,249.03954949103132,0.499833881855011,0.7200658321380615,-0.03640269860625267 
0:00:01.720276,12,320.0347272449391,277.78002389048333,84.98461776478541,0.6211062669754028,0.7094230651855469,-0.023703519254922867 
0:00:01.720276,13,140.50054902359662,77.17663537088048,261.76170369988364,0.5753992795944214,0.7160407304763794,-0.03173154592514038 
0:00:01.720276,14,124.0181749159912,73.79939471456268,256.4600879802595,0.5457587838172913,0.7231786251068115,-0.036549411714076996 
0:00:01.720276,15,132.54717365836999,75.5265551453232,259.2329241886374,0.522412121295929,0.7276183366775513,-0.04062438756227493 
0:00:01.720276,16,43.99364639855654,276.25156438196166,94.35113284211454,0.6360431909561157,0.7362642884254456,-0.0316692553460598 
0:00:01.720276,17,153.50262571748166,73.86142861159959,262.6436912836428,0.6035852432250977,0.7404546737670898,-0.04007483273744583 
0:00:01.720276,18,178.2972093198366,79.48718729082195,269.68406223573515,0.581264078617096,0.740577757358551,-0.04421515017747879 
0:00:01.720276,19,210.16109149280516,79.21798527750553,275.46546586327156,0.5625349879264832,0.7387857437133789,-0.04729895293712616 
0:00:01.720276,20,None,None,None,0.5625349879264832,0.7387857437133789,-0.04729895293712616 
0:00:01.769399,0,287.0729262883703,57.55289273969358,301.28938704848764,0.6683832406997681,0.6774648427963257,0.007570350542664528 
0:00:01.769399,1,329.74290085264926,86.37822635449267,271.8267582716908,0.6176906824111938,0.6758480668067932,0.010341892950236797 
0:00:01.769399,2,67.59481159163478,86.44172222225367,266.70971704157836,0.5821494460105896,0.6778913140296936,0.011184275150299072 
0:00:01.769399,3,264.9942069733429,78.03453831787196,281.92113212572735,0.5573217868804932,0.6726497411727905,0.010725162923336029 
0:00:01.769399,4,182.41584878270322,287.64175547383786,89.23198304402887,0.6042577028274536,0.6720205545425415,-0.004188176244497299 
0:00:01.769399,5,124.81868376998965,69.27041813864393,252.73995062743927,0.5602439641952515,0.6856956481933594,-0.013699228875339031 
0:00:01.769399,6,124.55824174143257,69.03663707097309,252.488098683953,0.528801679611206,0.6956165432929993,-0.020532529801130295 
0:00:01.769399,7,117.27866784621307,66.8026715682352,249.14886632502112,0.5036395788192749,0.7052004337310791,-0.025474626570940018 
0:00:01.769399,8,306.1475547215277,280.5496904472983,81.44761318372176,0.610198438167572,0.6891754865646362,-0.013768648728728294 
0:00:01.769399,9,134.0539048129967,74.65491986924046,258.8434080475433,0.5614839792251587,0.6987828612327576,-0.023063866421580315 
0:00:01.769399,10,120.77598507062979,69.65767928751998,252.33124585900714,0.527847409248352,0.7094974517822266,-0.02944495901465416 
0:00:01.769399,11,116.77836930238905,67.87898939997368,250.05456936577735,0.5004319548606873,0.7194463014602661,-0.03446577116847038 
0:00:01.769399,12,325.23804670216947,276.9349361949843,86.03284903643369,0.6205854415893555,0.7111135721206665,-0.022459540516138077 
0:00:01.769399,13,143.32624757336484,77.80564814771306,262.6454893188292,0.5752347707748413,0.716966986656189,-0.03032001107931137 
0:00:01.769399,14,123.82128894555171,75.02225528458908,257.4691085048619,0.5457350015640259,0.7235236167907715,-0.03471282124519348 
0:00:01.769399,15,132.29583153328048,77.0249488590402,260.328045874307,0.5226442813873291,0.7274589538574219,-0.038293179124593735 
0:00:01.769399,16,53.39738137591778,276.7719655522646,95.44546959778674,0.6350394487380981,0.7381734251976013,-0.03033515065908432 
0:00:01.769399,17,156.89572555487416,75.27793788470242,264.113193033948,0.6028875708580017,0.741488516330719,-0.038105666637420654 
0:00:01.769399,18,177.03385044312475,81.05544882751444,269.53336897471496,0.5809321999549866,0.7416673302650452,-0.041556648910045624 
0:00:01.769399,19,208.32930184990713,81.13999943650389,274.2305419798492,0.5627489686012268,0.7403222918510437,-0.04405159875750542 
0:00:01.769399,20,None,None,None,0.5627489686012268,0.7403222918510437,-0.04405159875750542 
0:00:01.818758,0,295.8461324048984,58.90691267504516,298.49077976240415,0.6699521541595459,0.6863329410552979,0.010346390306949615 
0:00:01.818758,1,343.65529973698096,86.94827135281709,270.85955208552735,0.6189770102500916,0.6855681538581848,0.012954204343259335 
0:00:01.818758,2,290.7238269452526,86.9568907720629,272.84654580052944,0.582718551158905,0.6837652921676636,0.013636305928230286 
0:00:01.818758,3,258.1955738904022,77.33756823802834,282.40301433218394,0.5569645166397095,0.6781014800071716,0.012452617287635803 
0:00:01.818758,4,184.74198769767693,295.3705515145358,87.75504055637307,0.6058849692344666,0.6761837005615234,-0.010666309855878353 
0:00:01.818758,5,128.96815932511598,66.61577202709567,251.41744267716825,0.5607320070266724,0.691364049911499,-0.02294515259563923 
0:00:01.818758,6,126.39823832505535,67.09299388788426,251.2155907518997,0.5286424160003662,0.7022784948348999,-0.030991457402706146 
0:00:01.818758,7,119.31952502860875,65.27944329184557,248.1290107086889,0.5034960508346558,0.7123724818229675,-0.036660462617874146 
0:00:01.818758,8,304.60996073563564,283.0080828748322,79.2345393871997,0.6130449771881104,0.6915433406829834,-0.022286055609583855 
0:00:01.818758,9,139.82497628061265,71.06370819739998,257.51979768350475,0.5620824694633484,0.7028229832649231,-0.03564551845192909 
0:00:01.818758,10,122.73394921425646,66.93181313737972,250.2901270502532,0.526665210723877,0.7155110836029053,-0.04380175471305847 
0:00:01.818758,11,117.66558688758649,63.562261616548575,246.23231174144394,0.4989565312862396,0.727713406085968,-0.05019877105951309 
0:00:01.818758,12,319.4577278197552,280.63811082137045,83.03901484332415,0.6249282956123352,0.712333083152771,-0.0322176069021225 
0:00:01.818758,13,145.16186713099793,73.38643683158558,260.3270509644091,0.5772308707237244,0.7204629778862,-0.04389839619398117 
0:00:01.818758,14,129.30573449223834,71.56859547464347,255.54002536811447,0.5466124415397644,0.7283586263656616,-0.050362229347229004 
0:00:01.818758,15,133.95891011895552,73.13107930341452,257.68677836524597,0.5232838988304138,0.733450710773468,-0.05527254566550255 
0:00:01.818758,16,21.872128282333883,277.6706360080186,92.87237803523931,0.6406008005142212,0.7393370270729065,-0.040609266608953476 
0:00:01.818758,17,156.5793543550003,68.30416816580603,261.0135269353504,0.6074569225311279,0.74457848072052,-0.052709586918354034 
0:00:01.818758,18,179.22061171675008,74.51969094258479,269.7841526043018,0.5843572020530701,0.7446655035018921,-0.05910656601190567 
0:00:01.818758,19,203.26179213000097,75.86332818756561,275.6804724268512,0.5647222995758057,0.7427124381065369,-0.06364987045526505 
0:00:01.818758,20,None,None,None,0.5647222995758057,0.7427124381065369,-0.06364987045526505 
0:00:01.868753,0,296.4718443361421,59.18857065652747,298.0960036870435,0.6681006550788879,0.6832582354545593,0.010992315597832203 
0:00:01.868753,1,16.822511647271305,86.59380801466703,269.01315573765805,0.6168919801712036,0.6841403245925903,0.01390979252755642 
0:00:01.868753,2,40.21252059263718,88.26437747374656,268.8792395237309,0.5809252858161926,0.6848439574241638,0.01474206056445837 
0:00:01.868753,3,262.15003709798424,74.73491692164096,285.12862120453815,0.5557019114494324,0.6780246496200562,0.013801872730255127 
0:00:01.868753,4,182.70036932633838,296.45530604589703,88.65701797455226,0.6038941144943237,0.6768948435783386,-0.01015232503414154 
0:00:01.868753,5,131.4917312542861,66.42468999781264,251.89907951661377,0.5597672462463379,0.6913185119628906,-0.02290959842503071 
0:00:01.868753,6,127.74471113981323,66.56511633467757,251.08043227204936,0.5279837250709534,0.7022125720977783,-0.03134307265281677 
0:00:01.868753,7,120.32613438350315,64.3242680624756,247.46334714458814,0.5029623508453369,0.712595522403717,-0.0374167338013649 
0:00:01.868753,8,308.1880490794212,282.6823002536455,79.96958128286113,0.6117610931396484,0.6933518052101135,-0.022279920056462288 
0:00:01.868753,9,143.10091140135623,69.96510353984462,257.6502682609123,0.5620755553245544,0.7042301893234253,-0.03676904737949371 
0:00:01.868753,10,126.64188062619414,66.71005546500191,250.94543971874373,0.5270189046859741,0.7163385152816772,-0.04577522352337837 
0:00:01.868753,11,121.02436519159357,63.64885322863679,246.99962993518187,0.49967166781425476,0.727946937084198,-0.052756987512111664 
0:00:01.868753,12,325.5760958773039,281.0451167077517,83.70303560672731,0.6242637038230896,0.7141985297203064,-0.03269590437412262 
0:00:01.868753,13,149.5136087395034,71.87081603939266,260.5688091118957,0.577474057674408,0.7219706773757935,-0.04589756205677986 
0:00:01.868753,14,135.17679192878754,70.62544292188133,256.0775806310867,0.5468273162841797,0.7295677065849304,-0.05354161933064461 
0:00:01.868753,15,138.55789668306724,72.34325926800749,258.1030797910879,0.5236842036247253,0.7344434261322021,-0.059063851833343506 
0:00:01.868753,16,17.050400905452616,279.0060784259356,92.66074859683206,0.6402623057365417,0.7398610711097717,-0.04139912500977516 
0:00:01.868753,17,160.41367095635553,66.08079180976722,261.54284854871196,0.6071600914001465,0.7447829246520996,-0.055231738835573196 
0:00:01.868753,18,179.09616017164572,71.69703453384764,269.7010467710419,0.5838906168937683,0.7449043393135071,-0.06292776018381119 
0:00:01.868753,19,197.61291117757355,74.18871007414445,274.8975538159918,0.564186155796051,0.7432159185409546,-0.06824617832899094 
0:00:01.868753,20,None,None,None,0.564186155796051,0.7432159185409546,-0.06824617832899094 
0:00:01.918714,0,294.73388235871795,57.75992733443589,299.8062366668413,0.668443500995636,0.6824697852134705,0.010694599710404873 
0:00:01.918714,1,3.9593011142917476,86.37991568864689,269.74970938295564,0.6173860430717468,0.68269282579422,0.013917122036218643 
0:00:01.918714,2,34.13253289626248,87.89285609939758,268.81729709730683,0.5810313820838928,0.6834433674812317,0.015024312771856785 
0:00:01.918714,3,264.13844740105003,76.37263353859534,283.55875363536165,0.5559083819389343,0.677384614944458,0.014402310363948345 
0:00:01.918714,4,185.46047146050566,293.9827286244305,87.57593646375732,0.6041193604469299,0.6753436923027039,-0.006947861984372139 
0:00:01.918714,5,123.20884459162855,66.36277315367138,249.8880793048633,0.559838593006134,0.6915585994720459,-0.017562175169587135 
0:00:01.918714,6,121.88317965344216,66.5685188218536,249.79618173995334,0.5280861854553223,0.703243613243103,-0.02483069710433483 
0:00:01.918714,7,117.2349503860418,65.36261473872514,247.81530565524943,0.503163754940033,0.713406503200531,-0.030061552301049232 
0:00:01.918714,8,299.75523348093276,282.7712221762961,78.86751098489515,0.6105453968048096,0.6922758221626282,-0.017981812357902527 
0:00:01.918714,9,130.85540220131332,71.93916486739869,256.1447985803114,0.5605154633522034,0.7046154737472534,-0.028653953224420547 
0:00:01.918714,10,119.29151227384918,67.92418649618251,250.5207398434867,0.5260584354400635,0.7168033123016357,-0.03549107536673546 
0:00:01.918714,11,117.20307374337385,65.90697074989485,248.31157430343015,0.49872371554374695,0.7276747226715088,-0.04107895866036415 
0:00:01.918714,12,314.93816750865267,278.89962229548456,83.67489134946223,0.6216270923614502,0.7140515446662903,-0.027485152706503868 
0:00:01.918714,13,137.25137509330946,75.49750215662755,260.0416901944427,0.5747915506362915,0.7222747802734375,-0.03638142719864845 
0:00:01.918714,14,126.17832239115756,73.863276683768,256.85463061524797,0.5449943542480469,0.7292336821556091,-0.04147053137421608 
0:00:01.918714,15,136.4821895959374,75.70923116778279,260.05159073286984,0.5220579504966736,0.7332566976547241,-0.04570726677775383 
0:00:01.918714,16,38.34227038979491,276.36718849405395,93.95995858258469,0.6369249224662781,0.7412083148956299,-0.03565403074026108 
0:00:01.918714,17,152.92418282952158,72.36469377258229,261.7666211930829,0.6041383743286133,0.7459524273872375,-0.04493449628353119 
0:00:01.918714,18,172.1798296468501,77.92486688155677,268.3327105634489,0.5815684795379639,0.7466093897819519,-0.04971791431307793 
0:00:01.918714,19,198.60319262328397,78.9473806470414,273.56570576151796,0.5624246001243591,0.7454164624214172,-0.05326197296380997 
0:00:01.918714,20,None,None,None,0.5624246001243591,0.7454164624214172,-0.05326197296380997 
0:00:01.968628,0,291.79080893810476,58.8033947954013,299.3478239100674,0.6684950590133667,0.6821654438972473,0.009122290648519993 
0:00:01.968628,1,8.013692773834235,87.39676757268462,269.63683893460365,0.6167654395103455,0.6824933290481567,0.011451276019215584 
0:00:01.968628,2,72.16743408915613,88.28696158931838,268.3692181225947,0.5800566077232361,0.6835384368896484,0.011787478812038898 
0:00:01.968628,3,257.94913223930484,76.18371185070751,283.5231142083168,0.5545389652252197,0.6774013042449951,0.010477295145392418 
0:00:01.968628,4,185.19047778474868,290.48304694978356,88.06449763056474,0.6042298674583435,0.675722062587738,-0.0080085014924407 
0:00:01.968628,5,126.47084332252588,66.57914737557606,250.79481069313334,0.5599281191825867,0.6911540627479553,-0.01941543258726597 
0:00:01.968628,6,124.40795271239455,66.01155688131709,249.84030439617283,0.5281504392623901,0.7028205990791321,-0.027406055480241776 
0:00:01.968628,7,118.21575931015495,64.19442362901853,246.922033793116,0.5029380321502686,0.7135631442070007,-0.03316996246576309 
0:00:01.968628,8,304.37742823896605,283.1910318165065,79.05167344829587,0.6111242175102234,0.6926351189613342,-0.01885235123336315 
0:00:01.968628,9,134.48535980132343,71.79388269438917,256.79455751490417,0.5613012909889221,0.7043259739875793,-0.03033505193889141 
0:00:01.968628,10,121.29772999939806,67.20911302167472,250.25033128348707,0.5266265869140625,0.7167752385139465,-0.03790364786982536 
0:00:01.968628,11,117.58793016516228,64.62294840193007,247.19754127821727,0.49891942739486694,0.7284236550331116,-0.04399016872048378 
0:00:01.968628,12,317.71640901338395,279.6903119318298,83.44620266188713,0.6226819753646851,0.7142049670219421,-0.02835504151880741 
0:00:01.968628,13,141.4397984965973,75.01919504981205,260.5303155207463,0.5759705901145935,0.7219963669776917,-0.03812907636165619 
0:00:01.968628,14,126.84800962802038,72.91795763455836,256.18462484622347,0.5459380149841309,0.7293816208839417,-0.04366360977292061 
0:00:01.968628,15,133.5586968487037,74.47662496668109,258.619189108241,0.5225938558578491,0.7340804934501648,-0.048131830990314484 
0:00:01.968628,16,30.96757213087798,276.5930742906061,93.40352960506239,0.6382166743278503,0.7409569025039673,-0.03667287901043892 
0:00:01.968628,17,155.28555630356007,71.42632139084866,262.0027951546472,0.6053488850593567,0.7455745339393616,-0.046705666929483414 
0:00:01.968628,18,173.35497366599807,77.4005721500459,268.51838807972723,0.5825346112251282,0.7461646199226379,-0.05177076533436775 
0:00:01.968628,19,198.3303915833723,78.71536517308117,273.59087650616414,0.563075065612793,0.7449434399604797,-0.05545671284198761 
0:00:01.968628,20,None,None,None,0.563075065612793,0.7449434399604797,-0.05545671284198761 
0:00:02.018277,0,297.07003802656357,56.25288507526453,300.74906630258226,0.6686593294143677,0.6797986030578613,0.012217975221574306 
0:00:02.018277,1,33.051555938978304,85.81869621596289,267.7166967163414,0.6193070411682129,0.6817663908004761,0.015242141671478748 
0:00:02.018277,2,45.6703367616395,88.06314661247998,268.6142508959798,0.5826063752174377,0.6826542019844055,0.016109418123960495 
0:00:02.018277,3,259.79984825867086,77.33423095914111,282.4718998293518,0.557572066783905,0.677117109298706,0.015113122761249542 
0:00:02.018277,4,185.88561653686043,297.39666712484274,86.95784430793957,0.6042189598083496,0.674638032913208,-0.008935445919632912 
0:00:02.018277,5,124.65399976154434,66.91238787475285,250.67633386991287,0.5586419701576233,0.6906200051307678,-0.019982915371656418 
0:00:02.018277,6,123.17528988845062,67.95606742768467,251.27761245275804,0.5270509719848633,0.7013267278671265,-0.026982605457305908 
0:00:02.018277,7,116.1668113745988,65.68256980836317,247.9239110815611,0.5025237798690796,0.711274266242981,-0.031870245933532715 
0:00:02.018277,8,299.58026480947615,281.8166925571626,79.6880130582415,0.610897958278656,0.691555917263031,-0.02067764662206173 
0:00:02.018277,9,136.8781813723594,72.16338199091699,257.5955075818413,0.5597555637359619,0.7028045058250427,-0.03268897905945778 
0:00:02.018277,10,119.96615153487097,67.5008864250979,250.2606909882233,0.5254594683647156,0.7151108384132385,-0.039784353226423264 
0:00:02.018277,11,115.65737712917262,64.48444793367439,246.72040957996938,0.49883487820625305,0.726565957069397,-0.045286837965250015 
0:00:02.018277,12,318.9741757180752,279.06250790660727,84.02304432105687,0.6223052740097046,0.7136389017105103,-0.03042949177324772 
0:00:02.018277,13,143.88976083178167,75.67966845218906,261.4443672263163,0.5743256211280823,0.7208571434020996,-0.04032445698976517 
0:00:02.018277,14,123.2362700719615,72.04331025293062,254.8333155914509,0.5438913106918335,0.7291069626808167,-0.04573044925928116 
0:00:02.018277,15,126.57139767903521,72.63291564765574,255.90044451143945,0.5211156010627747,0.7348276376724243,-0.04997456818819046 
0:00:02.018277,16,26.278813355654776,276.2616914692758,92.78120283430614,0.6379634737968445,0.7405040264129639,-0.03847856819629669 
0:00:02.018277,17,158.89564460261482,72.07313748490424,263.35583507310184,0.6041722893714905,0.7444401979446411,-0.04867708683013916 
0:00:02.018277,18,170.9015454339999,77.27009570083074,267.9540818217423,0.5809899568557739,0.7452683448791504,-0.0538482740521431 
0:00:02.018277,19,179.40732555161273,79.60049346161976,269.8912312303341,0.5611152052879333,0.7453060746192932,-0.0574956014752388 
0:00:02.018277,20,None,None,None,0.5611152052879333,0.7453060746192932,-0.0574956014752388 
0:00:02.067567,0,296.32694824889217,56.334405270425954,300.83575724110665,0.6704123020172119,0.6803596615791321,0.011776041239500046 
0:00:02.067567,1,16.671287510228037,86.02269166587783,268.85730306933465,0.6205297708511353,0.6813546419143677,0.015098531730473042 
0:00:02.067567,2,39.626456625959875,87.46340181654571,268.38158192497866,0.5841816663742065,0.6823816299438477,0.016338780522346497 
0:00:02.067567,3,262.4204214682361,80.83652117198963,279.08475492912703,0.5589510798454285,0.6783472299575806,0.015801940113306046 
0:00:02.067567,4,188.37820300297412,297.9086239533404,85.58690058177487,0.6056689023971558,0.6747417449951172,-0.008678796701133251 
0:00:02.067567,5,124.40271278658052,66.86627181236433,250.58226579117635,0.5603321194648743,0.6907231211662292,-0.01962258480489254 
0:00:02.067567,6,121.23965105438948,67.68533041985081,250.66305393303836,0.528587281703949,0.7018629908561707,-0.026379670947790146 
0:00:02.067567,7,114.09636382906601,64.66858440012048,246.62988518507385,0.5037941932678223,0.7125765681266785,-0.031171269714832306 
0:00:02.067567,8,297.9639880465104,282.16234713287724,79.22233086143002,0.6120587587356567,0.6919677257537842,-0.020229963585734367 
0:00:02.067567,9,137.93060389411673,71.35324030631729,257.25969704836814,0.5615097880363464,0.7033967971801758,-0.03289235755801201 
0:00:02.067567,10,120.05743432590782,67.44941176194861,250.23119128011044,0.5268459320068359,0.7158552408218384,-0.040101904422044754 
0:00:02.067567,11,115.05761060275952,64.6455397279425,246.76796338780213,0.4993348717689514,0.7276647090911865,-0.045623213052749634 
0:00:02.067567,12,319.2358880420396,279.5029605993996,83.76230799442416,0.6230453848838806,0.7141430974006653,-0.02993842400610447 
0:00:02.067567,13,144.93645123651754,74.25726211225704,260.801219258144,0.5762248635292053,0.721725344657898,-0.04074147343635559 
0:00:02.067567,14,126.24444012967919,72.42897680176377,255.67354192988165,0.5457320213317871,0.7295128703117371,-0.04645036160945892 
0:00:02.067567,15,129.44420368703675,73.8982734549905,257.4329966804801,0.522247850894928,0.7347480058670044,-0.05075731873512268 
0:00:02.067567,16,27.87375776924559,277.1116980993644,93.33829469954716,0.6380569338798523,0.7415031790733337,-0.03798487409949303 
0:00:02.067567,17,160.3326889991595,70.85635949857095,263.3362949883733,0.6043106317520142,0.7454457879066467,-0.04901598021388054 
0:00:02.067567,18,175.48010235298608,76.07447607990485,268.8806058263507,0.5811393857002258,0.7458985447883606,-0.05474337190389633 
0:00:02.067567,19,188.25538999527953,78.49968888195268,271.6733433299258,0.5611138343811035,0.7453135251998901,-0.058775510638952255 
0:00:02.067567,20,None,None,None,0.5611138343811035,0.7453135251998901,-0.058775510638952255 
0:00:02.117384,0,308.5881314668813,54.58986161061044,299.06082767396,0.6650812029838562,0.6803909540176392,0.018426911905407906 
0:00:02.117384,1,20.634204441472423,83.05212172697972,267.5410035627855,0.6167051196098328,0.6824684143066406,0.023943902924656868 
0:00:02.117384,2,37.50082592913601,84.29063137550845,266.5170378895812,0.5815098285675049,0.6846105456352234,0.026735499501228333 
0:00:02.117384,3,274.2512944026491,75.58976025954888,284.3722346553491,0.5571373701095581,0.6783653497695923,0.02719973959028721 
0:00:02.117384,4,185.0866055038439,309.3840524122312,85.8370099973669,0.6003475785255432,0.675220251083374,-0.008133688941597939 
0:00:02.117384,5,120.78226825393742,66.23678507164595,249.28049244221202,0.555474579334259,0.6921938061714172,-0.01824484020471573 
0:00:02.117384,6,116.58330286156534,68.71987503327531,250.7962767994482,0.5245772004127502,0.7029556632041931,-0.02363005466759205 
0:00:02.117384,7,112.1571974784563,66.32748615281206,247.90172784412272,0.5009699463844299,0.7125407457351685,-0.027533303946256638 
0:00:02.117384,8,283.59400882623356,281.5546067732295,78.76073487642547,0.6080577373504639,0.6912605166435242,-0.02238743007183075 
0:00:02.117384,9,135.67811896467734,70.86849419746494,256.3757808650352,0.5568212866783142,0.7036788463592529,-0.035103246569633484 
0:00:02.117384,10,118.48288557482987,67.72463702874136,250.19878242470435,0.5230407118797302,0.7158414125442505,-0.0417022779583931 
0:00:02.117384,11,115.04124580537027,64.38096560599259,246.51726136014116,0.4973081350326538,0.7270210385322571,-0.046925224363803864 
0:00:02.117384,12,313.0189494641489,278.85619629202097,83.50093906066078,0.6206942796707153,0.7129650115966797,-0.03380907326936722 
0:00:02.117384,13,138.67663573090945,73.6139112286026,259.01188723316903,0.572677493095398,0.722288191318512,-0.044412702322006226 
0:00:02.117384,14,123.80419507500329,71.61995817450402,254.56534409501967,0.5424186587333679,0.730642557144165,-0.05000634863972664 
0:00:02.117384,15,130.00177287659287,72.7510061573285,256.62122340027986,0.519951343536377,0.7359862327575684,-0.054490506649017334 
0:00:02.117384,16,17.932004207749866,276.0330437007453,91.86374031453676,0.6373000144958496,0.739804744720459,-0.0426907055079937 
0:00:02.117384,17,153.51780350743073,68.49001224689846,260.03249592788666,0.6037473082542419,0.7457013726234436,-0.05452672019600868 
0:00:02.117384,18,171.928672902814,73.83228512275953,267.66901249663516,0.5806102752685547,0.7466431856155396,-0.061168067157268524 
0:00:02.117384,19,182.12250267614107,76.5231524687331,270.50853110127383,0.5607326030731201,0.7464667558670044,-0.06592851132154465 
0:00:02.117384,20,None,None,None,0.5607326030731201,0.7464667558670044,-0.06592851132154465 
0:00:02.167262,0,303.000083862359,56.94334883572051,298.6265164230065,0.6655819416046143,0.6793925166130066,0.01491959486156702 
0:00:02.167262,1,20.521645620283333,85.01570985394356,268.24882562099486,0.6163046956062317,0.6808990836143494,0.018944455310702324 
0:00:02.167262,2,19.48201705750406,87.22443817060336,269.0736755844164,0.5806167125701904,0.6814761161804199,0.020575571805238724 
0:00:02.167262,3,262.46848503456386,82.92855901525715,277.01104483026126,0.5562223792076111,0.678476095199585,0.020178932696580887 
0:00:02.167262,4,186.49212458232745,304.1782202684168,85.60960381283289,0.6009158492088318,0.6750446557998657,-0.009975274093449116 
0:00:02.167262,5,127.5005371216199,65.88428519395403,250.44787624978824,0.5561687350273132,0.690936267375946,-0.022169573232531548 
0:00:02.167262,6,123.20827543193538,66.53768202080843,250.04166268888056,0.5246906876564026,0.7023674249649048,-0.029652271419763565 
0:00:02.167262,7,116.34917177037201,63.94074007121397,246.33658721501433,0.5004363059997559,0.7129958868026733,-0.03491653874516487 
0:00:02.167262,8,299.43147833303266,282.45335087468175,79.11269849567725,0.6085094213485718,0.6922091245651245,-0.023188749328255653 
0:00:02.167262,9,142.5289561635935,69.87373768800337,257.4317600986135,0.5584940314292908,0.7033597826957703,-0.03773578628897667 
0:00:02.167262,10,122.9407302294209,66.0759374818861,249.57875263230113,0.5243722200393677,0.7160639762878418,-0.04596731439232826 
0:00:02.167262,11,117.28654757762426,62.175072626672964,244.8703357337576,0.49816077947616577,0.7283588647842407,-0.05230952426791191 
0:00:02.167262,12,321.4656972197816,280.7492023148023,83.25507154369264,0.6211216449737549,0.7138165235519409,-0.03404974564909935 
0:00:02.167262,13,149.22382964901618,72.21737540482424,260.6800900263563,0.5749359130859375,0.7213962078094482,-0.04677681624889374 
0:00:02.167262,14,129.61441286461914,69.84154675215427,254.20906429512632,0.5446012616157532,0.7299748659133911,-0.0538773350417614 
0:00:02.167262,15,130.814957444893,70.41823319966308,254.9319956346601,0.5220708847045898,0.7360405325889587,-0.05911584198474884 
0:00:02.167262,16,14.30894707462966,278.3337744590275,92.0734385946619,0.6375836730003357,0.7402225732803345,-0.04271974042057991 
0:00:02.167262,17,163.46274361730005,67.15137172249692,263.1608706496672,0.6046199798583984,0.7441760897636414,-0.056034788489341736 
0:00:02.167262,18,175.08443712985581,72.00368715334766,268.40555638178574,0.5814915895462036,0.7448198795318604,-0.06352037936449051 
0:00:02.167262,19,181.39766021765462,75.34824440369637,270.3653705193076,0.5613024830818176,0.7446911334991455,-0.06879715621471405 
0:00:02.167262,20,None,None,None,0.5613024830818176,0.7446911334991455,-0.06879715621471405 
0:00:02.216767,0,297.014912731873,55.42577160102997,301.54956937770345,0.6685521006584167,0.6768903136253357,0.012483572587370872 
0:00:02.216767,1,7.414681912484548,86.35910204259892,269.52952030601773,0.6196727752685547,0.6772916913032532,0.015567821450531483 
0:00:02.216767,2,23.158422706532306,88.37447822419355,269.36057818172134,0.5834255218505859,0.6776962280273438,0.01651357114315033 
0:00:02.216767,3,247.4454567028718,84.023456672085,275.5223678208092,0.5583360195159912,0.6752704977989197,0.015506094321608543 
0:00:02.216767,4,185.84694530155426,300.1595307607879,86.61236983570602,0.6019875407218933,0.6726865768432617,-0.009726481512188911 
0:00:02.216767,5,126.43212617775775,66.87258718612688,251.03577289310306,0.5564931035041809,0.6883198022842407,-0.021265825256705284 
0:00:02.216767,6,124.0885694067813,67.1915012378063,250.79799496534173,0.5248188376426697,0.6993511915206909,-0.02873142808675766 
0:00:02.216767,7,115.86519331239806,64.08892992841204,246.38767644473913,0.5000555515289307,0.7101763486862183,-0.03397971764206886 
0:00:02.216767,8,301.1428155411815,282.34027819624794,79.39459365742788,0.6086644530296326,0.6898401379585266,-0.021691394969820976 
0:00:02.216767,9,138.18567923209568,71.60560332411427,257.4988673927902,0.5583817362785339,0.7009885907173157,-0.03415399044752121 
0:00:02.216767,10,120.34136275324875,66.60747477655774,249.5277252269533,0.5247040390968323,0.7135615944862366,-0.041513241827487946 
0:00:02.216767,11,115.2245884197806,62.90997367789387,245.168549204638,0.49804824590682983,0.7258960604667664,-0.04732386767864227 
0:00:02.216767,12,318.71982005278585,279.6724576314323,83.58430585313931,0.6203740239143372,0.7121410965919495,-0.031655993312597275 
0:00:02.216767,13,145.45385195238555,74.80779244644633,261.24597418383553,0.5735114216804504,0.7193573117256165,-0.04213755577802658 
0:00:02.216767,14,126.10852628153852,71.81075447918064,255.1333257070812,0.5438396334648132,0.72723388671875,-0.0478830486536026 
0:00:02.216767,15,128.51412057779697,72.11860679882942,255.83196305431917,0.5212265253067017,0.7329424619674683,-0.05242615193128586 
0:00:02.216767,16,27.86828176791265,277.0187882016545,93.29374330976073,0.6363322138786316,0.7395668029785156,-0.039898183196783066 
0:00:02.216767,17,162.3738270292495,71.01165766873007,264.0515134399403,0.602950394153595,0.7430450320243835,-0.05084559693932533 
0:00:02.216767,18,172.65725198442018,76.13492873337047,268.1931594768521,0.5799707174301147,0.7437699437141418,-0.05647111311554909 
0:00:02.216767,19,182.54775047616715,78.69256230329287,270.5092534478331,0.5600541830062866,0.7435929179191589,-0.06044958159327507 
0:00:02.216767,20,None,None,None,0.5600541830062866,0.7435929179191589,-0.06044958159327507 
0:00:02.266319,0,306.7517197471793,52.10463301553809,301.94935817533906,0.6693219542503357,0.6791022419929504,0.018491534516215324 
0:00:02.266319,1,2.471127665667667,82.88230669869228,269.69152844506584,0.62162846326828,0.6793590188026428,0.024441491812467575 
0:00:02.266319,2,6.882759661294265,85.00527496910787,269.3999426752574,0.586725115776062,0.6797245740890503,0.027469918131828308 
0:00:02.266319,3,295.48113785872636,84.76022146058779,274.73252815185987,0.5617072582244873,0.677653431892395,0.02845696546137333 
0:00:02.266319,4,185.512292621225,309.61136195648555,85.45458756504794,0.6014740467071533,0.6744920015335083,-0.004302073735743761 
0:00:02.266319,5,119.87437731617813,68.21756666863507,250.88804481576693,0.5563352108001709,0.690133273601532,-0.013286898843944073 
0:00:02.266319,6,116.44238177764123,69.45467194534164,251.4494080029586,0.5253836512565613,0.7005199193954468,-0.01845245435833931 
0:00:02.266319,7,109.3055054951267,66.12207311282735,247.32550946267907,0.5015592575073242,0.7104734182357788,-0.021939193829894066 
0:00:02.266319,8,281.5291062455334,281.0060998057573,79.21070276864035,0.6073103547096252,0.6903207898139954,-0.017828432843089104 
0:00:02.266319,9,134.00912966638026,73.1637298529087,257.72134933813993,0.556646466255188,0.7013475298881531,-0.028480228036642075 
0:00:02.266319,10,114.56123266454523,68.1246181099494,249.9393305867104,0.5229897499084473,0.7136379480361938,-0.03409716486930847 
0:00:02.266319,11,111.1977382304308,64.29778757193009,245.83192001236552,0.4973553419113159,0.7251413464546204,-0.03855851665139198 
0:00:02.266319,12,306.5378361500679,277.7435079104194,83.76494156928445,0.6182314157485962,0.7119351625442505,-0.028772952035069466 
0:00:02.266319,13,139.19263211999177,76.1590126599358,260.85301740617126,0.5714987516403198,0.7194598317146301,-0.037488099187612534 
0:00:02.266319,14,121.70085230759757,73.26772281410446,255.65272276890812,0.5418963432312012,0.727031409740448,-0.04216455668210983 
0:00:02.266319,15,127.08709698220666,73.87067762433021,257.0095680861293,0.5199633240699768,0.7320911884307861,-0.045989446341991425 
0:00:02.266319,16,38.65386403717842,275.5716481562017,93.48683009376785,0.63332599401474,0.7389985918998718,-0.037353355437517166 
0:00:02.266319,17,154.60272811165274,73.61667276832942,262.8132628229092,0.6002474427223206,0.7431696057319641,-0.046138569712638855 
0:00:02.266319,18,174.21043111821086,78.66524931669164,268.84160964898115,0.5778092741966248,0.7436233162879944,-0.050613369792699814 
0:00:02.266319,19,180.0480176351677,80.1161723103246,270.00836645224604,0.5586243867874146,0.7436205148696899,-0.05395608767867088 
0:00:02.266319,20,None,None,None,0.5586243867874146,0.7436205148696899,-0.05395608767867088 
0:00:02.315904,0,295.0670731908493,55.657617926891604,301.7527711802649,0.6679123044013977,0.6776846647262573,0.011754604056477547 
0:00:02.315904,1,12.50915870169707,85.98211042764252,269.12838042426756,0.6176900267601013,0.6784487366676331,0.01519850455224514 
0:00:02.315904,2,23.809678533311278,87.88035702504467,269.1439735658633,0.580774188041687,0.6790003180503845,0.01644853502511978 
0:00:02.315904,3,263.3653806208729,80.88082479997368,279.0591213770877,0.5553734302520752,0.674950361251831,0.015977459028363228 
0:00:02.315904,4,185.8515894899157,296.29854686715396,87.11561271638148,0.6014841198921204,0.6726270914077759,-0.006691667716950178 
0:00:02.315904,5,124.7808069213509,67.78458960479288,251.45646071173542,0.5563672184944153,0.687761127948761,-0.017202580347657204 
0:00:02.315904,6,122.19099046588784,67.53462784530967,250.7129999978793,0.5249060988426208,0.6987706422805786,-0.02413322404026985 
0:00:02.315904,7,114.84263429672266,64.33640445101383,246.4416645111178,0.5003054738044739,0.7094970941543579,-0.029099229723215103 
0:00:02.315904,8,299.0078258701959,281.80596539751105,79.64077713890173,0.6077171564102173,0.6898623704910278,-0.01821201853454113 
0:00:02.315904,9,137.47757212542808,73.05099487202641,258.36103884059435,0.5575953125953674,0.7001864314079285,-0.02946990355849266 
0:00:02.315904,10,118.58386362269306,67.258542469256,249.79278188293458,0.5239232778549194,0.712580144405365,-0.03622264787554741 
0:00:02.315904,11,114.12981838554272,63.76641876543017,245.78511763743626,0.49739283323287964,0.7245116829872131,-0.04156733676791191 
0:00:02.315904,12,317.78699730620696,278.52143225400175,84.25132220303917,0.618893563747406,0.7122800350189209,-0.028083859011530876 
0:00:02.315904,13,147.8712965642805,76.46654430014028,262.7053604190085,0.5722609162330627,0.7182493805885315,-0.03758922964334488 
0:00:02.315904,14,124.91566238759734,72.92126946745564,255.8597080939188,0.5427266955375671,0.7256899476051331,-0.04278286546468735 
0:00:02.315904,15,128.99532084006805,73.64286901693242,257.15013245641063,0.520027220249176,0.7308679223060608,-0.04697520658373833 
0:00:02.315904,16,39.74678728701208,276.8207164955283,94.37334368879705,0.6344124674797058,0.7396158576011658,-0.03645575791597366 
0:00:02.315904,17,163.99188737132775,72.41209553901224,265.00410767309813,0.6013749241828918,0.7425038814544678,-0.0465221144258976 
0:00:02.315904,18,176.53237449173287,77.12419735028935,269.2078831427002,0.5787331461906433,0.7428169250488281,-0.05168823525309563 
0:00:02.315904,19,191.9687972789134,79.12097435169677,272.2823823093205,0.5590569376945496,0.7420327067375183,-0.055387597531080246 
0:00:02.315904,20,None,None,None,0.5590569376945496,0.7420327067375183,-0.055387597531080246 
0:00:02.365228,0,295.3501671916945,54.80899127201682,302.5086903255181,0.6688885688781738,0.678190290927887,0.012079679407179356 
0:00:02.365228,1,14.159829093759232,85.80352823812599,268.97169785930214,0.6188516020774841,0.6790884137153625,0.015639519318938255 
0:00:02.365228,2,24.17525665299651,87.68900412305995,269.05315258653474,0.5816940665245056,0.6797025203704834,0.017007548362016678 
0:00:02.365228,3,264.25851990499825,82.43424453987609,277.5282375314395,0.555886447429657,0.6762919425964355,0.01666463352739811 
0:00:02.365228,4,186.87486471930598,296.7653042888327,86.5449881206513,0.6021627187728882,0.6734980344772339,-0.0065082102082669735 
0:00:02.365228,5,125.00759409916095,68.05158927214114,251.7334614212587,0.5567778944969177,0.6884782314300537,-0.017000416293740273 
0:00:02.365228,6,122.51708758141966,68.07581829227009,251.25328991463448,0.5252774953842163,0.6991691589355469,-0.02381577156484127 
0:00:02.365228,7,114.66699365742745,64.73962400557015,246.79059188659272,0.5007802248001099,0.7096734642982483,-0.028639882802963257 
0:00:02.365228,8,298.63353746256365,281.60902374648236,79.77879311902777,0.6081247925758362,0.6903181076049805,-0.018072297796607018 
0:00:02.365228,9,138.49691954113797,73.00810628920537,258.55278480222137,0.557654857635498,0.700537919998169,-0.02962244302034378 
0:00:02.365228,10,119.4102998614636,67.33222718095372,250.00739249448202,0.5238322019577026,0.7128434181213379,-0.036559149622917175 
0:00:02.365228,11,114.64859229112407,64.14041425664766,246.2246964915161,0.49726447463035583,0.7245475053787231,-0.041929710656404495 
0:00:02.365228,12,319.02082640062054,278.66662162986376,84.29177769670873,0.6189910769462585,0.7123799324035645,-0.027922239154577255 
0:00:02.365228,13,147.6933406810629,76.2917738250915,262.5724498783113,0.572176992893219,0.7184829115867615,-0.037573713809251785 
0:00:02.365228,14,125.50913680843105,73.00693955464527,256.0304291962056,0.5424235463142395,0.7258844971656799,-0.04285499453544617 
0:00:02.365228,15,130.0631622513684,74.19202247274768,257.7739736200101,0.5195029973983765,0.7308509945869446,-0.047031719237565994 
0:00:02.365228,16,38.75418389442858,276.905778285882,94.33564288619414,0.6341949105262756,0.7395464777946472,-0.036198992282152176 
0:00:02.365228,17,163.16262392916454,72.52788934321205,264.79055905775886,0.6007620692253113,0.7425946593284607,-0.04627130553126335 
0:00:02.365228,18,180.27550666302622,77.24711164313673,270.0623551281896,0.5781427025794983,0.7425700426101685,-0.05139068514108658 
0:00:02.365228,19,196.20167891855294,79.17778762809512,273.05314239852294,0.5583999752998352,0.7415170073509216,-0.05501485988497734 
0:00:02.365228,20,None,None,None,0.5583999752998352,0.7415170073509216,-0.05501485988497734 
0:00:02.415154,0,295.1174698113934,56.034088976081584,301.3808157044012,0.6677539944648743,0.6776250600814819,0.01170949824154377 
0:00:02.415154,1,18.63565344507794,86.29616849002956,268.814961899078,0.6171214580535889,0.6786724328994751,0.014815309084951878 
0:00:02.415154,2,37.83671871746318,88.15436577458259,268.86761911975333,0.5797237157821655,0.6794116497039795,0.015767041593790054 
0:00:02.415154,3,260.2765174864768,79.52088749116957,280.3318380908275,0.5538279414176941,0.6746907234191895,0.014958087354898453 
0:00:02.415154,4,185.33189428831687,294.9485562642528,87.52464254712815,0.601988673210144,0.6726087331771851,-0.0073500643484294415 
0:00:02.415154,5,125.56828704554079,67.46804811027963,251.35239831608465,0.5567812323570251,0.6878645420074463,-0.018259383738040924 
0:00:02.415154,6,123.78053091917668,67.78556705252713,251.25073919400165,0.5252278447151184,0.6985750198364258,-0.025424154475331306 
0:00:02.415154,7,116.20494422202219,65.11145247572767,247.40009782804304,0.5006018877029419,0.7088257670402527,-0.030469246208667755 
0:00:02.415154,8,301.34709334742934,281.72836230704536,79.9458089422594,0.6081503629684448,0.6897571682929993,-0.01885387860238552 
0:00:02.415154,9,137.03830090661637,72.70351681945205,258.01841694298605,0.5579143166542053,0.7004182934761047,-0.03030186891555786 
0:00:02.415154,10,119.4811956866991,67.77562799935795,250.42036391090997,0.5239404439926147,0.7125022411346436,-0.03713340312242508 
0:00:02.415154,11,115.71303742621794,64.99677337746662,247.20810421358155,0.49713632464408875,0.7237651944160461,-0.04255705326795578 
0:00:02.415154,12,320.3223860730046,278.39644324922784,84.61633857252387,0.6191055774688721,0.7122707962989807,-0.028700971975922585 
0:00:02.415154,13,148.10449798184038,76.15847937306933,262.5825742853475,0.5723775029182434,0.7183541655540466,-0.03847602382302284 
0:00:02.415154,14,127.70457522259879,73.62135950523276,256.9093691587531,0.5423517823219299,0.7253361940383911,-0.04387323930859566 
0:00:02.415154,15,133.52921232053222,74.83654662583986,258.8836831274591,0.5193044543266296,0.7298647165298462,-0.048175036907196045 
0:00:02.415154,16,42.11825956930993,277.4703518346978,95.02574375831382,0.634340763092041,0.7399811744689941,-0.0369861014187336 
0:00:02.415154,17,163.39320930477385,72.4628163703417,264.8392210013238,0.6009116768836975,0.7430003881454468,-0.04710946977138519 
0:00:02.415154,18,179.03159202803258,77.2684186282618,269.78121035442285,0.5780913829803467,0.7430875301361084,-0.052264727652072906 
0:00:02.415154,19,196.3154247344546,78.94481382961818,273.1416505114872,0.5583140850067139,0.742002010345459,-0.05597320944070816 
0:00:02.415154,20,None,None,None,0.5583140850067139,0.742002010345459,-0.05597320944070816 
0:00:02.464846,0,292.7296437684022,56.4598099111326,301.4421679707478,0.6677114367485046,0.6775055527687073,0.010389359667897224 
0:00:02.464846,1,13.160581618673094,86.7512191360505,269.25956176061015,0.6167533993721008,0.6781641244888306,0.013205909170210361 
0:00:02.464846,2,34.45849949104255,88.43869396344405,269.1164500672831,0.5793760418891907,0.6787405610084534,0.014045932330191135 
0:00:02.464846,3,260.7796311162355,79.03074847943383,280.8308952675833,0.5536333322525024,0.6738154888153076,0.013246447779238224 
0:00:02.464846,4,183.70931767802008,293.15097404073697,88.41545180254406,0.6015602946281433,0.6724897027015686,-0.007203618995845318 
0:00:02.464846,5,125.48377033968622,67.92440328673285,251.72466489199275,0.5565228462219238,0.6873629093170166,-0.017806218937039375 
0:00:02.464846,6,123.42836892939636,67.6184505199295,251.03355279114916,0.5250738263130188,0.698171079158783,-0.024940574541687965 
0:00:02.464846,7,116.57346454047548,65.0942268451184,247.44892448835583,0.5005160570144653,0.7083688974380493,-0.03004135563969612 
0:00:02.464846,8,302.64636262941906,281.69666856645904,80.11144514664312,0.6077398657798767,0.6896774172782898,-0.01806633360683918 
0:00:02.464846,9,135.8877999748752,73.04295467692538,258.01745609511414,0.5578348636627197,0.7002691626548767,-0.028991511091589928 
0:00:02.464846,10,118.8102656352349,67.5284312449327,250.077809283298,0.5241876244544983,0.7124640345573425,-0.0356985442340374 
0:00:02.464846,11,115.3455247502104,64.78484943503824,246.94728994367495,0.4974686801433563,0.7238345742225647,-0.04108443111181259 
0:00:02.464846,12,319.4955131587232,278.41438861936064,84.51200347357103,0.61861652135849,0.7121949791908264,-0.027458377182483673 
0:00:02.464846,13,146.22868008790783,76.69516486258966,262.51118531234783,0.5721806883811951,0.718299150466919,-0.03658656030893326 
0:00:02.464846,14,125.03179960065636,73.42568353955328,256.30370199602095,0.5424883365631104,0.7255353331565857,-0.04165937751531601 
0:00:02.464846,15,131.22247106052095,74.43917893207922,258.17032033716,0.5196014046669006,0.7303290367126465,-0.04585926979780197 
0:00:02.464846,16,42.88178958658296,277.04064731670024,94.80404827553537,0.6337887644767761,0.739925742149353,-0.035525400191545486 
0:00:02.464846,17,162.94911144035143,73.10617101051885,264.9110721038701,0.6006655693054199,0.7428754568099976,-0.045142922550439835 
0:00:02.464846,18,176.92761472847283,77.67338518505846,269.3289688971633,0.5779987573623657,0.7431409358978271,-0.050088997930288315 
0:00:02.464846,19,195.58534988519503,79.21671773478394,272.92932600745246,0.5583227276802063,0.7421340942382812,-0.05369866266846657 
0:00:02.464846,20,None,None,None,0.5583227276802063,0.7421340942382812,-0.05369866266846657 
0:00:02.513977,0,294.21319950218106,56.229801628002186,301.3773959439263,0.6677273511886597,0.6776859164237976,0.011077575385570526 
0:00:02.513977,1,11.258160674761692,86.44922708925955,269.3059276824114,0.6173205971717834,0.6782965660095215,0.01414523459970951 
0:00:02.513977,2,23.312822546594905,88.32658646846212,269.33758600398335,0.5803210139274597,0.6787243485450745,0.015137922950088978 
0:00:02.513977,3,260.25037309975704,81.01247105358144,278.85979755640045,0.554771363735199,0.6747417449951172,0.014453613199293613 
0:00:02.513977,4,186.1096212772513,294.914072274206,87.16986299865086,0.6014876961708069,0.6724323034286499,-0.0071220858953893185 
0:00:02.513977,5,125.54823568393701,67.86525412604539,251.68781603811732,0.5564318895339966,0.6873437166213989,-0.017777245491743088 
0:00:02.513977,6,123.58755716260656,67.71026547899544,251.145947513591,0.5249646306037903,0.6980891823768616,-0.024913152679800987 
0:00:02.513977,7,116.63015157809257,65.13142458811154,247.4934561704543,0.5003980398178101,0.7082682847976685,-0.030017169192433357 
0:00:02.513977,8,301.80831313611685,281.67339109293596,80.04168432628015,0.6077178120613098,0.6894254088401794,-0.018330305814743042 
0:00:02.513977,9,136.78659384077397,72.87604058033449,258.08754359451086,0.5577407479286194,0.6999685764312744,-0.02955237589776516 
0:00:02.513977,10,119.13828670223636,67.36712775137654,249.98994409028714,0.5240882635116577,0.7122237682342529,-0.036384258419275284 
0:00:02.513977,11,115.32185871233743,64.38994209725054,246.57384369175662,0.4975253939628601,0.7237329483032227,-0.041829995810985565 
0:00:02.513977,12,319.25413821519516,278.59165455197206,84.3679801249641,0.6186553835868835,0.7117877006530762,-0.02796482853591442 
0:00:02.513977,13,146.30563001236632,76.37165433280504,262.3395896610788,0.5721763372421265,0.7180392146110535,-0.03734057396650314 
0:00:02.513977,14,125.1749144269137,73.12213941828219,256.0716961304878,0.5424292087554932,0.7254164814949036,-0.04253982752561569 
0:00:02.513977,15,130.80475150094546,74.11621891307865,257.8448379510316,0.5196426510810852,0.7303244471549988,-0.04677698016166687 
0:00:02.513977,16,40.5519179719866,276.9589913341212,94.5371680465772,0.6338923573493958,0.7393906712532043,-0.0361812524497509 
0:00:02.513977,17,161.64675238449144,72.70693720813694,264.401143018062,0.6006166338920593,0.7426527142524719,-0.04601409658789635 
0:00:02.513977,18,175.27461335804222,77.38948217670094,268.94415769601306,0.5779067277908325,0.7430712580680847,-0.0510774701833725 
0:00:02.513977,19,193.27530249058816,79.12138693979107,272.52687617348715,0.5582996010780334,0.7422059774398804,-0.05474492534995079 
0:00:02.513977,20,None,None,None,0.5582996010780334,0.7422059774398804,-0.05474492534995079 
0:00:02.563219,0,295.5711754457234,55.72918927350007,301.5775240251216,0.6679871678352356,0.6777216792106628,0.011812899261713028 
0:00:02.563219,1,12.116622565725045,85.92981375468618,269.144282444702,0.6176974177360535,0.6784728169441223,0.015311690978705883 
0:00:02.563219,2,13.822316798305703,87.84051141506768,269.4838424402248,0.580798864364624,0.6788052320480347,0.01666277088224888 
0:00:02.563219,3,264.3197647541473,81.31904647205228,278.638972721088,0.5554186105728149,0.6749491691589355,0.016279228031635284 
0:00:02.563219,4,185.5749003227419,296.6696121770806,87.20645294241119,0.6015568375587463,0.6726978421211243,-0.006785616744309664 
0:00:02.563219,5,125.1801100901733,68.04956105534559,251.76777234451183,0.5565649271011353,0.6875184774398804,-0.01723272167146206 
0:00:02.563219,6,123.00053804108498,67.98807417255495,251.27098163174014,0.5251309871673584,0.6981760263442993,-0.02415395714342594 
0:00:02.563219,7,115.94370800425884,65.12979149224745,247.3717780203359,0.5006425380706787,0.7083837389945984,-0.029120182618498802 
0:00:02.563219,8,300.01629300066253,281.46726422975877,80.03757912003502,0.6077003479003906,0.6895789504051208,-0.01825610175728798 
0:00:02.563219,9,137.09207114013597,73.01739925807244,258.2542895993292,0.5575936436653137,0.6999972462654114,-0.029464412480592728 
0:00:02.563219,10,119.28007711406285,67.58940066510888,250.2163459265622,0.5238110423088074,0.7121488451957703,-0.03627801686525345 
0:00:02.563219,11,115.45452763637063,64.58331922959322,246.77760500443316,0.4972204566001892,0.7235578894615173,-0.04170874133706093 
0:00:02.563219,12,319.3244569804592,278.4342739628571,84.47984214825328,0.6186159253120422,0.7118257284164429,-0.02805706299841404 
0:00:02.563219,13,147.6228339052158,76.41488497180694,262.6268131839146,0.5719097256660461,0.7178695797920227,-0.037589043378829956 
0:00:02.563219,14,127.00800789303817,73.16622476033893,256.4170429905097,0.5420181751251221,0.7250916957855225,-0.04303288087248802 
0:00:02.563219,15,132.8600543982487,74.28140704662756,258.34349066057604,0.5191342234611511,0.7298126220703125,-0.04741370677947998 
0:00:02.563219,16,40.60895647139957,277.26332982338414,94.74227978814648,0.6338329315185547,0.7393277883529663,-0.0363156832754612 
0:00:02.563219,17,161.79668673807157,72.31900830364671,264.3131125290803,0.600426197052002,0.7426545023918152,-0.04643196985125542 
0:00:02.563219,18,176.8042173493875,76.82460546083396,269.25231400868535,0.5776719450950623,0.7429514527320862,-0.051750339567661285 
0:00:02.563219,19,195.02621762081023,78.57153015408574,273.00014205577764,0.558025598526001,0.7419217824935913,-0.05558609962463379 
0:00:02.563219,20,None,None,None,0.558025598526001,0.7419217824935913,-0.05558609962463379 
0:00:02.612448,0,297.2444842390877,55.04157290415162,301.86369898126935,0.6667044758796692,0.677109956741333,0.013296901248395443 
0:00:02.612448,1,10.157364063230029,85.5492908295734,269.2135739970891,0.6166423559188843,0.6777971386909485,0.0171324722468853 
0:00:02.612448,2,0.797340080580818,87.80592523941091,269.9694528509279,0.5798609852790833,0.6778167486190796,0.018541524186730385 
0:00:02.612448,3,262.93706421949867,80.28599856355866,279.64167741763424,0.554351270198822,0.6734830141067505,0.01800457574427128 
0:00:02.612448,4,182.82143855456647,297.76103309359627,88.51580780382034,0.6014670729637146,0.6722622513771057,-0.006765769328922033 
0:00:02.612448,5,124.12782794328058,67.10825186168573,250.7339050308987,0.5566843152046204,0.6879152059555054,-0.017374707385897636 
0:00:02.612448,6,123.49058443521109,68.23671251249235,251.58496988152368,0.5253564715385437,0.6983457207679749,-0.024276049807667732 
0:00:02.612448,7,116.63625547909082,65.75557541455753,248.0725140605271,0.5008965730667114,0.7081921696662903,-0.029214579612016678 
0:00:02.612448,8,298.07302380149633,281.4166806817829,79.8970632808872,0.6080795526504517,0.6890943050384521,-0.01902882196009159 
0:00:02.612448,9,137.35279375345098,72.01684064533517,257.5976539915846,0.5578991770744324,0.7001293301582336,-0.0310094952583313 
0:00:02.612448,10,120.54664632583147,67.03126778838123,249.9474212117413,0.5240097045898438,0.7124993205070496,-0.038309548050165176 
0:00:02.612448,11,116.4717087546514,64.30273172353674,246.69573726218346,0.4973265826702118,0.7239932417869568,-0.044033121317625046 
0:00:02.612448,12,318.6050311812282,279.0849715879632,83.96416843102482,0.6193757653236389,0.7110881805419922,-0.029392611235380173 
0:00:02.612448,13,145.97147423741362,75.15283831035146,261.5618791219924,0.5723862051963806,0.7180589437484741,-0.03971610218286514 
0:00:02.612448,14,127.66216321726006,71.9918789323473,255.5686687513927,0.5422908067703247,0.7258036732673645,-0.04569374397397041 
0:00:02.612448,15,133.48593623413097,73.626345993936,257.96601784647106,0.5194215774536133,0.7306788563728333,-0.05031784623861313 
0:00:02.612448,16,31.581893160277538,277.16270592666626,93.76546290226888,0.6347193717956543,0.7382671236991882,-0.03797455504536629 
0:00:02.612448,17,160.18062991337246,71.56378738680635,263.5513991195593,0.6008704304695129,0.7420929670333862,-0.048589982092380524 
0:00:02.612448,18,177.86617917535267,76.12389291697907,269.47301366057,0.5779951810836792,0.7423033714294434,-0.054236993193626404 
0:00:02.612448,19,197.54107707494768,77.82056582733803,273.7218170710345,0.558293879032135,0.7410218119621277,-0.058291442692279816 
0:00:02.612448,20,None,None,None,0.558293879032135,0.7410218119621277,-0.058291442692279816 
0:00:02.661444,0,299.16019372782864,54.219754540694645,302.18458653042086,0.6676610708236694,0.6778824925422668,0.014388306066393852 
0:00:02.661444,1,6.970918136634617,84.89491745603118,269.37879843754473,0.6177946329116821,0.6784231662750244,0.018810294568538666 
0:00:02.661444,2,355.939256814917,86.95826175978203,270.21559928160076,0.5812360644340515,0.6782855987548828,0.02074807696044445 
0:00:02.661444,3,269.05138034361585,79.36101642036331,280.637558719536,0.5562801361083984,0.6735982894897461,0.020670464262366295 
0:00:02.661444,4,182.71683713942417,301.05609842826124,88.36499396880066,0.6020172834396362,0.6722927689552307,-0.006841212976723909 
0:00:02.661444,5,124.05498718407722,67.27433109371135,250.8629454048046,0.5574508905410767,0.6877575516700745,-0.01729394868016243 
0:00:02.661444,6,122.26073303583384,68.54934382075584,251.6203813246293,0.5262032747268677,0.6981399059295654,-0.023847445845603943 
0:00:02.661444,7,114.91494877172592,65.51506301380512,247.55811291246374,0.5017505884170532,0.7082394957542419,-0.028538722544908524 
0:00:02.661444,8,295.6388094109521,281.0626013142334,80.00349910897486,0.6085935235023499,0.6894069314002991,-0.01949997991323471 
0:00:02.661444,9,139.0531331749213,71.91536861499934,257.9203614956148,0.5584855675697327,0.7001305222511292,-0.03185918927192688 
0:00:02.661444,10,120.76769560873146,67.64879465732587,250.5416404135766,0.5242338180541992,0.7122316956520081,-0.03906369209289551 
0:00:02.661444,11,115.93085609792733,64.71950687851533,246.98745606421585,0.49733930826187134,0.7236546874046326,-0.04461800307035446 
0:00:02.661444,12,320.04730741133704,278.79858914680335,84.3237501917387,0.6199923753738403,0.7114636301994324,-0.030064880847930908 
0:00:02.661444,13,146.2327711802295,74.4652718916216,261.2169395370298,0.5730510354042053,0.7187163233757019,-0.040912240743637085 
0:00:02.661444,14,129.36796577675594,72.31366616780363,256.1515271526825,0.5427536368370056,0.7261852622032166,-0.04704030603170395 
0:00:02.661444,15,135.06045276703995,74.29625533823143,258.7672863532666,0.5196307301521301,0.7307774424552917,-0.05164218693971634 
0:00:02.661444,16,30.963147585024526,277.4563168936757,93.85216448825103,0.635375440120697,0.738571047782898,-0.038652531802654266 
0:00:02.661444,17,161.4852045145685,70.7531927145426,263.67326188446356,0.6015238165855408,0.7423242926597595,-0.04986017942428589 
0:00:02.661444,18,182.37720618294676,75.46697937229541,270.61604866823416,0.5786575675010681,0.742078423500061,-0.055782753974199295 
0:00:02.661444,19,202.88369513367422,77.09195067227023,275.09267365507577,0.5588971972465515,0.7403174042701721,-0.05995498225092888 
0:00:02.661444,20,None,None,None,0.5588971972465515,0.7403174042701721,-0.05995498225092888 
0:00:02.710333,0,300.9776264619621,54.38299081038584,301.5582676076967,0.6663047075271606,0.6774421334266663,0.015333909541368484 
0:00:02.710333,1,7.145671328137522,84.42176154595312,269.3039428130386,0.6166451573371887,0.6780454516410828,0.020146358758211136 
0:00:02.710333,2,13.085774957085267,86.45113213255759,269.19552639684633,0.580203115940094,0.6785571575164795,0.02234775945544243 
0:00:02.710333,3,270.03882558824034,80.2903823181944,279.7096154949703,0.5554797053337097,0.6743268370628357,0.022350626066327095 
0:00:02.710333,4,183.59356519574098,302.6671566609794,87.69862876545766,0.6011812090873718,0.6724901795387268,-0.006894621066749096 
0:00:02.710333,5,123.66326331307548,66.3616334516187,249.98376919311227,0.5575070977210999,0.6884002685546875,-0.017490599304437637 
0:00:02.710333,6,122.12974398570401,68.06440549594889,251.1685115064252,0.5265492796897888,0.698958158493042,-0.02412119135260582 
0:00:02.710333,7,115.62509495724225,65.29157655868948,247.4678973763018,0.5023460984230042,0.7089993357658386,-0.028937526047229767 
0:00:02.710333,8,294.42311883683055,281.4529872949855,79.54820974095252,0.6079287528991699,0.6895226240158081,-0.020093020051717758 
0:00:02.710333,9,139.44181511030993,71.38836983399278,257.6488771695649,0.5584267377853394,0.7003620862960815,-0.032758332788944244 
0:00:02.710333,10,122.36949906383488,67.65299149539197,250.85244372307005,0.5243412256240845,0.712196946144104,-0.04026012867689133 
0:00:02.710333,11,117.7429220954359,64.86276833090106,247.44752491273968,0.49756723642349243,0.7233158349990845,-0.04610830545425415 
0:00:02.710333,12,321.5382996077269,278.91927537525544,84.42469971568154,0.6198757886886597,0.7113766074180603,-0.031078027561306953 
0:00:02.710333,13,148.5803784651455,73.70362774440068,261.3346010235276,0.5734869241714478,0.7184464335441589,-0.04265134781599045 
0:00:02.710333,14,133.5144915405077,71.85918443675573,256.6341460735546,0.543228030204773,0.7256360650062561,-0.049477510154247284 
0:00:02.710333,15,139.7346444358037,73.87577924964381,259.41637290182376,0.5201038122177124,0.7299568057060242,-0.05457860231399536 
0:00:02.710333,16,28.944148287254297,278.2475953308101,94.01270593899709,0.6358758807182312,0.7380781769752502,-0.03989351913332939 
0:00:02.710333,17,162.71743521824655,68.55690834075403,263.34460082239855,0.6029605865478516,0.7419188618659973,-0.05223776772618294 
0:00:02.710333,18,182.37582952469202,73.42638192593938,270.70683605964314,0.5801956057548523,0.7416380047798157,-0.05900706723332405 
0:00:02.710333,19,200.08605210401507,75.64641851107064,275.0223417909901,0.560344934463501,0.7398934960365295,-0.06377775967121124 
0:00:02.710333,20,None,None,None,0.560344934463501,0.7398934960365295,-0.06377775967121124 
0:00:02.759757,0,301.8660589432427,53.77914089051466,301.883978690377,0.6663549542427063,0.6772370934486389,0.015976935625076294 
0:00:02.759757,1,8.155227574701895,84.39233975385079,269.202024696592,0.6168420314788818,0.6779267191886902,0.020789241418242455 
0:00:02.759757,2,21.03450563306576,86.38632577874834,268.70144326891244,0.580429196357727,0.6787521243095398,0.02293563075363636 
0:00:02.759757,3,268.1213709760988,82.78208019644015,277.21408114923463,0.5552616119384766,0.6755664348602295,0.022831140086054802 
0:00:02.759757,4,185.43611770980516,303.5272495047804,86.40830648605034,0.6012880206108093,0.6726773977279663,-0.00752740865573287 
0:00:02.759757,5,123.8194435595679,66.40616522774579,250.05622931269107,0.5572630167007446,0.6886522769927979,-0.018229510635137558 
0:00:02.759757,6,122.12720291125295,68.4433511394894,251.50190316465427,0.5263023376464844,0.69901043176651,-0.024734023958444595 
0:00:02.759757,7,115.55145008756688,65.82624259277614,247.9536560296974,0.5021961331367493,0.7087726593017578,-0.029401132836937904 
0:00:02.759757,8,293.72631006565325,281.12967764018,79.79035881257468,0.6081299781799316,0.6896937489509583,-0.021015625447034836 
0:00:02.759757,9,140.09457651999614,71.33893981262813,257.7753809636618,0.5584745407104492,0.7004519701004028,-0.0338798388838768 
0:00:02.759757,10,122.29816243756619,67.83845351616004,251.00190821987337,0.5244591236114502,0.7121631503105164,-0.041282813996076584 
0:00:02.759757,11,117.87762213184499,65.04238224585033,247.63792502873878,0.4979301691055298,0.7230770587921143,-0.04705597460269928 
0:00:02.759757,12,322.271779299786,278.7649697312453,84.61028886814358,0.6201085448265076,0.7115499377250671,-0.032156795263290405 
0:00:02.759757,13,149.27797182227133,73.6372340975648,261.4693715280334,0.5738347172737122,0.7184908986091614,-0.04383647441864014 
0:00:02.759757,14,134.31059212402366,72.16769928274127,257.03703777987045,0.543613612651825,0.725447416305542,-0.05062756687402725 
0:00:02.759757,15,141.96295729848495,74.30735590138697,260.17872307597685,0.520737886428833,0.7294074892997742,-0.055689480155706406 
0:00:02.759757,16,31.08049586617644,278.4505630678071,94.38585844940381,0.6360210180282593,0.7382494211196899,-0.04102075472474098 
0:00:02.759757,17,162.37735281618993,68.60724152220615,263.2362602389433,0.6029226183891296,0.7421749234199524,-0.05337855592370033 
0:00:02.759757,18,182.45035065716007,73.47023990052423,270.726950892589,0.5800923705101013,0.741885244846344,-0.06014788895845413 
0:00:02.759757,19,200.4271079652661,75.56794439083232,275.1325401062042,0.560278594493866,0.7401055693626404,-0.06492637097835541 
0:00:02.759757,20,None,None,None,0.560278594493866,0.7401055693626404,-0.06492637097835541 
0:00:02.808820,0,297.24292148860957,54.532616688803586,302.3504472057682,0.6677316427230835,0.6765971779823303,0.013364012353122234 
0:00:02.808820,1,15.062959310240165,85.10211396157702,268.7242372177715,0.6181020140647888,0.6777024269104004,0.01747080124914646 
0:00:02.808820,2,33.88574261366332,86.71073776075993,268.1647201026955,0.5815534591674805,0.6788735389709473,0.019214536994695663 
0:00:02.808820,3,265.96595390991763,82.22274371808139,277.758222487081,0.5565321445465088,0.6754646301269531,0.018974127247929573 
0:00:02.808820,4,186.28656578371613,299.5539871393392,86.4471171261202,0.6025164127349854,0.6726095080375671,-0.006942957639694214 
0:00:02.808820,5,123.90439126723899,66.83251614639596,250.4465903388093,0.558395266532898,0.688279926776886,-0.017474785447120667 
0:00:02.808820,6,122.40055470227082,68.02870925371693,251.18928314331373,0.5273054838180542,0.6988702416419983,-0.024195747449994087 
0:00:02.808820,7,115.1495132253696,64.918280400265,247.03882066520137,0.5029554963111877,0.7091867327690125,-0.02903922088444233 
0:00:02.808820,8,296.92210196006897,281.57548550605793,79.65033560500812,0.60890132188797,0.6898382306098938,-0.019213778898119926 
0:00:02.808820,9,139.6580013192526,71.91321243263617,258.0622680302289,0.5593145489692688,0.7003219127655029,-0.0315573588013649 
0:00:02.808820,10,121.75099289062952,67.49535321364759,250.59241251198782,0.525383472442627,0.7122759819030762,-0.038955047726631165 
0:00:02.808820,11,116.39507254849407,64.57313337229823,246.93335670173576,0.49858835339546204,0.7236866354942322,-0.04461812227964401 
0:00:02.808820,12,321.5673231600749,278.98991739345445,84.38366008378249,0.6204648017883301,0.7117014527320862,-0.029514288529753685 
0:00:02.808820,13,149.2641528438058,74.53698126120045,261.95285248590574,0.5741394758224487,0.7182509303092957,-0.04052916169166565 
0:00:02.808820,14,130.43883577147102,71.93774955136729,256.06029459189057,0.544003427028656,0.7257310152053833,-0.04690396040678024 
0:00:02.808820,15,134.28573649260898,73.65468517024829,258.14303237551104,0.5207936763763428,0.7306038737297058,-0.0516568161547184 
0:00:02.808820,16,29.012017683379266,277.74188226641127,93.77231823129027,0.6362745761871338,0.7382180690765381,-0.037927236407995224 
0:00:02.808820,17,162.8853626761799,69.87882272593536,263.8463581315165,0.6036003232002258,0.741740882396698,-0.04936791956424713 
0:00:02.808820,18,181.5730544353218,75.04252935229215,270.42018711232276,0.5811849236488342,0.7415764927864075,-0.05535402148962021 
0:00:02.808820,19,197.59258510109447,77.3428855796915,273.8830819283422,0.5616394281387329,0.7402498126029968,-0.05953812599182129 
0:00:02.808820,20,None,None,None,0.5616394281387329,0.7402498126029968,-0.05953812599182129 
0:00:02.857993,0,295.44388817555284,54.21186801959638,303.0635039242184,0.668445885181427,0.6765653491020203,0.012543742544949055 
0:00:02.857993,1,13.845917064497327,85.30800457556492,268.87477877681675,0.6184135675430298,0.6775480508804321,0.01653079129755497 
0:00:02.857993,2,42.481212258037615,86.42211694370201,267.58197322415555,0.5817496180534363,0.6790962815284729,0.018221501260995865 
0:00:02.857993,3,268.5887052955867,81.67270757989907,278.3248017762178,0.5562822818756104,0.6753697395324707,0.01812969148159027 
0:00:02.857993,4,186.88436711949788,297.0606695666329,86.49588429082833,0.6031222939491272,0.6725015044212341,-0.005626471247524023 
0:00:02.857993,5,122.65013257252825,67.63491073155079,250.8919011286267,0.5583180785179138,0.6880234479904175,-0.015572315081954002 
0:00:02.857993,6,121.39582333156974,68.27308886366265,251.2143286723263,0.5273149609565735,0.698569118976593,-0.022008365020155907 
0:00:02.857993,7,113.83688764548711,65.25066910986453,247.13633709300467,0.5029706954956055,0.7088343501091003,-0.026543768122792244 
0:00:02.857993,8,295.5818236958793,281.43649422841156,79.65917805705871,0.609184205532074,0.6894538998603821,-0.017265770584344864 
0:00:02.857993,9,136.48317714803335,72.92736679260348,258.05951879069625,0.5592134594917297,0.7000212669372559,-0.028394905850291252 
0:00:02.857993,10,119.04631568972205,67.69220169143787,250.26780829498398,0.5256500840187073,0.7120599746704102,-0.03508079797029495 
0:00:02.857993,11,114.07705044664057,65.10695011148663,247.03933646981847,0.49893972277641296,0.7233762145042419,-0.040137358009815216 
0:00:02.857993,12,317.3244860814307,278.31117882879965,84.34489041097461,0.620040237903595,0.7113845944404602,-0.027131015434861183 
0:00:02.857993,13,144.46989043994708,76.05848741775422,261.7910181318607,0.5737046003341675,0.7180690765380859,-0.03649190440773964 
0:00:02.857993,14,124.8858698550038,73.36782907337178,256.2314534050053,0.5441904664039612,0.7253012657165527,-0.04153449833393097 
0:00:02.857993,15,130.8215633118816,75.55808823456586,258.9718459103953,0.5210890769958496,0.7298035025596619,-0.045423682779073715 
0:00:02.857993,16,40.02493956224174,276.5641342794141,94.23238463699631,0.6351473331451416,0.7382442355155945,-0.035373296588659286 
0:00:02.857993,17,157.92474112273507,72.80606930989279,263.3666763613314,0.6021184325218201,0.7420852780342102,-0.0448443740606308 
0:00:02.857993,18,178.5067282581321,78.65483572038521,269.7004272228854,0.5799458622932434,0.7422012090682983,-0.04929155856370926 
0:00:02.857993,19,201.58395079761732,80.26340171791466,273.6118340579868,0.560649573802948,0.7409831881523132,-0.05237044766545296 
0:00:02.857993,20,None,None,None,0.560649573802948,0.7409831881523132,-0.05237044766545296 
0:00:02.908325,0,300.209651753903,53.51345943382287,302.5847975654266,0.6691375970840454,0.6777217984199524,0.014927379786968231 
0:00:02.908325,1,10.676249535052813,84.43078579296598,268.96510226082574,0.6200531125068665,0.6786084771156311,0.019630679860711098 
0:00:02.908325,2,11.417080485739852,86.44817829508322,269.2960518693525,0.5838153958320618,0.6790537238121033,0.021835464984178543 
0:00:02.908325,3,271.8931172493551,79.79040771422198,280.20413692211196,0.5590871572494507,0.6746025681495667,0.02198258973658085 
0:00:02.908325,4,183.43815734457587,302.8912175140279,87.77895113066893,0.6032158136367798,0.6728910803794861,-0.006504558026790619 
0:00:02.908325,5,122.12005806652813,67.14308201388162,250.3529537492825,0.5589103698730469,0.6887085437774658,-0.016434552147984505 
0:00:02.908325,6,120.08331893620884,68.50986518433656,251.18717253306085,0.5281217694282532,0.69919753074646,-0.022510726004838943 
0:00:02.908325,7,112.42418634146387,64.74418916092735,246.43880634810824,0.5041361451148987,0.7096572518348694,-0.026827078312635422 
0:00:02.908325,8,291.082139737648,281.4354846107281,79.3116993409098,0.6095054149627686,0.6897698044776917,-0.019160272553563118 
0:00:02.908325,9,136.98828300788466,72.05648465124597,257.543402903119,0.5594609975814819,0.7008246183395386,-0.031010249629616737 
0:00:02.908325,10,118.7417600340698,67.62181393577977,250.15048189204262,0.525560200214386,0.7130627632141113,-0.037722036242485046 
0:00:02.908325,11,113.53559302622163,63.97737384366822,245.88635533915652,0.4990943670272827,0.7249090671539307,-0.04288170859217644 
0:00:02.908325,12,314.6945216827885,278.8054664160272,83.71605371059418,0.6207081079483032,0.7115172743797302,-0.0296319592744112 
0:00:02.908325,13,144.60968044924454,74.75776656270563,261.03220605612694,0.5740406513214111,0.7188817858695984,-0.03999854251742363 
0:00:02.908325,14,128.1302399434744,72.52175605010774,256.0884672979985,0.5441209673881531,0.7262925505638123,-0.045815642923116684 
0:00:02.908325,15,132.14286233457022,73.90575300533219,257.92446478990337,0.5213935375213623,0.73115473985672,-0.05021557956933975 
0:00:02.908325,16,30.397538470372222,277.0147692699476,93.56269297884293,0.6359980702400208,0.7382901310920715,-0.038052402436733246 
0:00:02.908325,17,159.40890036137887,71.09418456446349,263.13167429459855,0.6026344895362854,0.7423088550567627,-0.04874908924102783 
0:00:02.908325,18,179.50108123061963,76.14679595136025,269.8769641887268,0.5800403952598572,0.7423573732376099,-0.054320771247148514 
0:00:02.908325,19,196.72233816368924,78.02629394169901,273.4919579740753,0.5606259703636169,0.7411726713180542,-0.058264002203941345 
0:00:02.908325,20,None,None,None,0.5606259703636169,0.7411726713180542,-0.058264002203941345 
0:00:02.957824,0,302.29001257057575,53.470326527796864,302.0551093142139,0.6677749752998352,0.6777355670928955,0.01625843346118927 
0:00:02.957824,1,13.004179760401621,84.33084463583627,268.72034793182115,0.6185657382011414,0.6788347959518433,0.0210181325674057 
0:00:02.957824,2,25.100857212843845,86.31102192178498,268.4333122401341,0.5821958184242249,0.6798295378684998,0.02314159646630287 
0:00:02.957824,3,269.6718954319108,78.36722815582517,281.63258630717,0.557362973690033,0.674717366695404,0.02311232127249241 
0:00:02.957824,4,183.84684695901873,304.1809936388287,87.39131692300666,0.602665364742279,0.672653317451477,-0.007583871949464083 
0:00:02.957824,5,123.2491651535213,66.49045121621413,250.00877610628993,0.5581456422805786,0.6888494491577148,-0.01820218376815319 
0:00:02.957824,6,120.35767849419527,68.05424053513659,250.82849954656416,0.5272863507270813,0.699578583240509,-0.024486280977725983 
0:00:02.957824,7,112.60754883551785,64.73143615027084,246.45454578725173,0.5033708214759827,0.7099999189376831,-0.028825875371694565 
0:00:02.957824,8,291.41374402251085,281.5197708196265,79.256289790665,0.6096002459526062,0.6898437142372131,-0.020921166986227036 
0:00:02.957824,9,139.00421942404392,71.34019324081767,257.5088767316205,0.55943763256073,0.7009563446044922,-0.03370668739080429 
0:00:02.957824,10,119.18371143801318,67.30917960688241,249.94564901868063,0.5253682136535645,0.7133932113647461,-0.04065277799963951 
0:00:02.957824,11,113.68027343939147,63.64080729258431,245.591698324645,0.49905189871788025,0.725335419178009,-0.04589013755321503 
0:00:02.957824,12,316.03251225611456,279.08263306193544,83.66694461048506,0.6215124726295471,0.7117441296577454,-0.03179995343089104 
0:00:02.957824,13,145.33164664295853,73.9711892639454,260.7188973779173,0.5749642252922058,0.7193509340286255,-0.04279854893684387 
0:00:02.957824,14,127.41535268203764,72.36551813135664,255.83022225143,0.5449420809745789,0.7269308567047119,-0.0485970564186573 
0:00:02.957824,15,131.14268776725578,74.01326338787003,257.824961204905,0.5223007798194885,0.731815755367279,-0.052864838391542435 
0:00:02.957824,16,27.642466669954096,276.96592432937007,93.24440599176256,0.6373510956764221,0.738337516784668,-0.04041234776377678 
0:00:02.957824,17,158.88271777584646,70.37058456505669,262.67774604245386,0.6039041876792908,0.7426353693008423,-0.051540497690439224 
0:00:02.957824,18,180.04576089764217,76.04899924745125,270.0113679132903,0.5810726284980774,0.7426308393478394,-0.057212308049201965 
0:00:02.957824,19,195.6277659936139,78.27366411892856,273.20044193757263,0.5613619685173035,0.7415286898612976,-0.061152391135692596 
0:00:02.957824,20,None,None,None,0.5613619685173035,0.7415286898612976,-0.061152391135692596 
0:00:03.006868,0,300.8765066780552,53.236230894666,302.6690471171369,0.6680877804756165,0.6774402856826782,0.015526220202445984 
0:00:03.006868,1,10.08834769277061,84.0412158547248,268.95255776782466,0.6189686059951782,0.678338348865509,0.02057386375963688 
0:00:03.006868,2,27.5629069623836,85.44354636774163,267.8881287072418,0.5828073620796204,0.6796718239784241,0.02312859334051609 
0:00:03.006868,3,276.79602149076084,80.78177563484093,279.15455509510366,0.5582650899887085,0.6757168173789978,0.02359992079436779 
0:00:03.006868,4,185.33319920868448,304.59795056243604,86.3314852553768,0.6020078063011169,0.6729122400283813,-0.006443226709961891 
0:00:03.006868,5,122.06197366393029,66.87801118892753,250.10668702015033,0.5578319430351257,0.6888978481292725,-0.016456201672554016 
0:00:03.006868,6,119.98142063638618,68.13373147252634,250.8318878362616,0.5270492434501648,0.6995983123779297,-0.022629491984844208 
0:00:03.006868,7,112.5890931975489,64.45517289239905,246.18954206942874,0.5031360983848572,0.7101504802703857,-0.027019578963518143 
0:00:03.006868,8,291.6024289472207,281.49217557914477,79.29569581989088,0.608519434928894,0.6902298927307129,-0.019131483510136604 
0:00:03.006868,9,137.13939460186407,71.91122756075092,257.47340623967773,0.5588675141334534,0.7012616395950317,-0.031019438058137894 
0:00:03.006868,10,118.58832012291437,67.38217985461353,249.90595856604793,0.5251542329788208,0.7135949730873108,-0.03774052858352661 
0:00:03.006868,11,113.58607065353812,63.70361779204746,245.63561801729298,0.4987373650074005,0.7255584001541138,-0.04296375811100006 
0:00:03.006868,12,315.1488822373372,278.86770524988196,83.72074123144729,0.619926393032074,0.7122234106063843,-0.029559286311268806 
0:00:03.006868,13,145.11414033631962,74.6508412742853,261.077756506332,0.5734696984291077,0.7195168137550354,-0.04001963511109352 
0:00:03.006868,14,128.14486349096973,72.11679914992042,255.76105118774714,0.5436462759971619,0.7270848751068115,-0.04596332833170891 
0:00:03.006868,15,131.6120015120695,73.36339845923747,257.4065206569981,0.5209457278251648,0.7321563363075256,-0.05046788230538368 
0:00:03.006868,16,28.220156970417417,277.1427086584398,93.39114758267525,0.6352686285972595,0.7389306426048279,-0.037844520062208176 
0:00:03.006868,17,161.0554301830773,70.63901773496286,263.4918319195539,0.6019197106361389,0.7427350878715515,-0.04892825335264206 
0:00:03.006868,18,181.50053066564055,75.12259565488448,270.39857475201137,0.5793941020965576,0.742578387260437,-0.054910290986299515 
0:00:03.006868,19,198.0624675170197,77.20056718839074,274.02921648725004,0.5599039196968079,0.7412055134773254,-0.05911993980407715 
0:00:03.006868,20,None,None,None,0.5599039196968079,0.7412055134773254,-0.05911993980407715 
0:00:03.056157,0,299.0854330019518,53.63312507034751,302.761769361152,0.6679717898368835,0.6768667697906494,0.014560319483280182 
0:00:03.056157,1,13.892466986689133,84.5509160790226,268.6879432173869,0.6186354756355286,0.6779967546463013,0.0191289521753788 
0:00:03.056157,2,30.768494886702037,86.07419989108783,267.9893535808868,0.5821597576141357,0.6792773008346558,0.021279776468873024 
0:00:03.056157,3,271.80995146733085,81.61735357374084,278.3785236188901,0.5572728514671326,0.6756118535995483,0.02139560505747795 
0:00:03.056157,4,186.02350783862113,302.26586109282783,86.20965810241943,0.6020285487174988,0.6726467609405518,-0.00670445803552866 
0:00:03.056157,5,122.27177818847558,66.79976336189434,250.07965668451487,0.5577935576438904,0.6886773705482483,-0.01682754047214985 
0:00:03.056157,6,120.25060026554864,67.81629427846102,250.5958990941394,0.5268855690956116,0.6995642781257629,-0.023176750168204308 
0:00:03.056157,7,112.88740027227432,64.07152795241859,245.8718661846761,0.5027737617492676,0.7103642225265503,-0.027736026793718338 
0:00:03.056157,8,292.87199157657733,281.7702424833034,79.13224767272209,0.6085107922554016,0.6900641918182373,-0.019172649830579758 
0:00:03.056157,9,137.49118825111506,71.9444731692295,257.5776294438399,0.5588287115097046,0.7010078430175781,-0.031111862510442734 
0:00:03.056157,10,118.94933449724816,67.1170360300844,249.7293896520438,0.5251185894012451,0.7134579420089722,-0.03799868002533913 
0:00:03.056157,11,113.89881944979199,63.62585890002146,245.61380835537855,0.4985981583595276,0.7254804372787476,-0.04332602024078369 
0:00:03.056157,12,315.9471691874186,279.01229493843675,83.70679214023684,0.6199752688407898,0.7120948433876038,-0.029490385204553604 
0:00:03.056157,13,146.89985860584136,74.99577146651663,261.67267424984624,0.573443591594696,0.7189057469367981,-0.03993823379278183 
0:00:03.056157,14,127.82309697944623,72.14210986837703,255.72176280713455,0.5435572266578674,0.7265115976333618,-0.04584284871816635 
0:00:03.056157,15,131.06806752962336,73.36030914214747,257.3018940618036,0.5206779837608337,0.7316668629646301,-0.05033501610159874 
0:00:03.056157,16,29.347646619454114,277.1384756861415,93.51242944147519,0.6355080008506775,0.7387151718139648,-0.03779951483011246 
0:00:03.056157,17,162.1898421833432,70.87945962832264,263.9471027505981,0.6022295355796814,0.7422439455986023,-0.048783667385578156 
0:00:03.056157,18,179.6664008809437,75.58651388330433,269.9142631496722,0.5797243118286133,0.7422776222229004,-0.054567575454711914 
0:00:03.056157,19,194.69014111448195,77.90608541908483,273.1102299750931,0.560148298740387,0.7412139177322388,-0.05862502008676529 
0:00:03.056157,20,None,None,None,0.560148298740387,0.7412139177322388,-0.05862502008676529 
0:00:03.105241,0,299.8317086033524,57.927789617937066,298.5280382315689,0.6676936149597168,0.680976390838623,0.012832927517592907 
0:00:03.105241,1,15.64865147987163,85.53919853848859,268.79449509046424,0.6172836422920227,0.6820371747016907,0.016619810834527016 
0:00:03.105241,2,11.9224504283171,87.37975217643637,269.4583277910766,0.5817701816558838,0.6823729276657104,0.01820998452603817 
0:00:03.105241,3,263.43064920980316,80.77015130214168,279.17027946160135,0.5570273995399475,0.6783786416053772,0.01774999499320984 
0:00:03.105241,4,185.78865190987648,300.7280123931782,86.56907837355234,0.6030815839767456,0.6756175756454468,-0.009485846385359764 
0:00:03.105241,5,126.39782861794428,66.34913637823706,250.5819080913941,0.5589517951011658,0.691173791885376,-0.020953968167304993 
0:00:03.105241,6,123.21188069363038,67.02701542928108,250.47184424894525,0.5276713967323303,0.7022680640220642,-0.028217142447829247 
0:00:03.105241,7,116.90347793113943,64.08367521823097,246.57125990696574,0.5033487677574158,0.7128078937530518,-0.033565107733011246 
0:00:03.105241,8,298.88378290086837,282.53606789794765,78.98265484773151,0.6109527349472046,0.6918579936027527,-0.022007877007126808 
0:00:03.105241,9,140.68787869913606,70.4006025780462,257.2875776753107,0.5606545805931091,0.7032046318054199,-0.035864777863025665 
0:00:03.105241,10,124.62451232673972,66.34912943608788,250.1816652985138,0.5263340473175049,0.7155731916427612,-0.04440508782863617 
0:00:03.105241,11,119.11461766645466,63.09790857560606,246.09386626865938,0.4991592764854431,0.7276188731193542,-0.05111365392804146 
0:00:03.105241,12,321.30817037967233,280.84031640789885,83.17382570665237,0.6236295104026794,0.7127190232276917,-0.03251016512513161 
0:00:03.105241,13,147.73976797580877,72.37575191296624,260.3759538023566,0.5766457319259644,0.7206860184669495,-0.045132093131542206 
0:00:03.105241,14,134.88382196321365,70.19528139790437,255.68607237232976,0.5462780594825745,0.7284345030784607,-0.052849218249320984 
0:00:03.105241,15,137.69808015901592,71.5103599659062,257.31635440578884,0.5230111479759216,0.7336709499359131,-0.05860361084342003 
0:00:03.105241,16,16.022800339339472,278.8853999655955,92.47086593981112,0.6399758458137512,0.7387181520462036,-0.04102832451462746 
0:00:03.105241,17,159.26840587270428,66.7507329296571,261.3526609787364,0.6068940758705139,0.7437492609024048,-0.054320596158504486 
0:00:03.105241,18,177.09478827748424,71.54688297279554,269.0310801250879,0.583439826965332,0.744145929813385,-0.06213688477873802 
0:00:03.105241,19,189.03651936643786,74.2539684428087,272.5356797925009,0.5631027221679688,0.7432453036308289,-0.06779985129833221 
0:00:03.105241,20,None,None,None,0.5631027221679688,0.7432453036308289,-0.06779985129833221 
0:00:03.154556,0,299.8317844927335,57.650482372678646,298.78677445784723,0.6668646335601807,0.6800788640975952,0.012912881560623646 
0:00:03.154556,1,22.425818591658995,85.67405617210325,268.34702458756465,0.6157466769218445,0.6815540194511414,0.016487304121255875 
0:00:03.154556,2,41.557434216738244,86.97858965311254,267.9946448698518,0.5787337422370911,0.6828500032424927,0.017949191853404045 
0:00:03.154556,3,260.1662509101192,80.95356308842653,278.9156725784733,0.5536655783653259,0.678917407989502,0.017267528921365738 
0:00:03.154556,4,189.22993906968446,301.1173988341736,84.46962765457532,0.6012961864471436,0.6743056178092957,-0.01111255306750536 
0:00:03.154556,5,126.55103576372208,64.88612783476178,249.36648975951567,0.5578123927116394,0.690679132938385,-0.023250902071595192 
0:00:03.154556,6,124.66602647877576,66.22902622270074,250.08657780923855,0.5266534686088562,0.7019667625427246,-0.031056929379701614 
0:00:03.154556,7,118.88497070343954,63.92909928938112,246.80987969560908,0.5021755695343018,0.7124530076980591,-0.03684205934405327 
0:00:03.154556,8,300.92076983359914,283.26863570762924,78.56351434383217,0.6093069911003113,0.690780520439148,-0.023860670626163483 
0:00:03.154556,9,138.85804102179839,69.66763253018581,256.29873142363044,0.5596966743469238,0.7028753757476807,-0.03770478442311287 
0:00:03.154556,10,123.38382124941508,65.75343210794165,249.38965428507436,0.5255366563796997,0.7157223224639893,-0.04617058113217354 
0:00:03.154556,11,118.84762570759824,62.35127378907955,245.35143376014028,0.4985560476779938,0.7281026840209961,-0.0529901497066021 
0:00:03.154556,12,319.43394718699506,281.11477476356845,82.71918089930608,0.6223235726356506,0.7122898101806641,-0.03451881557703018 
0:00:03.154556,13,146.69013823823275,72.09083281804605,259.936328287306,0.5756727457046509,0.7205690741539001,-0.047118064016103745 
0:00:03.154556,14,133.04749048828293,69.76675447633896,254.92464915291214,0.5454959273338318,0.7286974787712097,-0.05471052974462509 
0:00:03.154556,15,136.8765360928904,70.93622388244077,256.70898579182534,0.5223960876464844,0.734154224395752,-0.0605369508266449 
0:00:03.154556,16,15.295324984347966,278.7599767042288,92.32772641141709,0.6389898657798767,0.7388936281204224,-0.04320705309510231 
0:00:03.154556,17,161.92336419372313,66.03485621486676,262.1471187016674,0.6063541769981384,0.7433948516845703,-0.05699760466814041 
0:00:03.154556,18,174.40185651640311,70.80476529686717,268.054889286686,0.5831435322761536,0.7441831231117249,-0.06503970175981522 
0:00:03.154556,19,185.88641412008204,74.07560231684108,271.67606824310707,0.5627716779708862,0.7435870170593262,-0.07082150876522064 
0:00:03.154556,20,None,None,None,0.5627716779708862,0.7435870170593262,-0.07082150876522064 
0:00:03.203922,0,297.82852181361375,57.821074344749675,299.0937473075044,0.6687654256820679,0.6820700764656067,0.011832491494715214 
0:00:03.203922,1,18.144835575859688,85.73827287188584,268.67059794533424,0.6179463863372803,0.6832494139671326,0.015431140549480915 
0:00:03.203922,2,9.069653293456145,87.73549450188277,269.6428531774541,0.5822513103485107,0.6834719181060791,0.016825007274746895 
0:00:03.203922,3,264.45291215027885,79.5495450013789,280.40258730929503,0.5572245121002197,0.6788774728775024,0.016378801316022873 
0:00:03.203922,4,187.07081509387797,297.3701073410269,86.35373127249201,0.604261577129364,0.6758800148963928,-0.007786579895764589 
0:00:03.203922,5,123.79476061955437,66.67531833190178,250.28613743329544,0.559477686882019,0.6919271945953369,-0.018527105450630188 
0:00:03.203922,6,120.31701906344435,66.62476147924744,249.53860488987021,0.5278766751289368,0.7037180662155151,-0.025421833619475365 
0:00:03.203922,7,114.29770243211316,64.08995051554363,246.1181901912033,0.5030906796455383,0.7146922945976257,-0.030376357957720757 
0:00:03.203922,8,295.74829581988473,282.9143848333598,78.33085970036697,0.6111703515052795,0.6923707723617554,-0.019610552117228508 
0:00:03.203922,9,134.62035582629252,71.39128138145537,256.52269561467654,0.5608645081520081,0.7044270634651184,-0.03150812163949013 
0:00:03.203922,10,118.55621642442007,66.53947379528621,249.13327969468673,0.526401162147522,0.7175644040107727,-0.038657814264297485 
0:00:03.203922,11,114.61763996385167,63.703816990688864,245.80877453105643,0.49914032220840454,0.729810893535614,-0.04426925629377365 
0:00:03.203922,12,312.30463090489195,279.9450492558316,82.61133891373105,0.6228246092796326,0.7137719988822937,-0.029672615230083466 
0:00:03.203922,13,138.4887702012649,74.0229804282099,259.25543363018835,0.575535774230957,0.722745418548584,-0.03981121629476547 
0:00:03.203922,14,122.47202985297973,71.4068179680819,254.15557756021025,0.5456140637397766,0.7312374711036682,-0.0452154241502285 
0:00:03.203922,15,127.55781887338719,73.15684399424781,256.50461460683323,0.5225946307182312,0.7367619872093201,-0.04946339875459671 
0:00:03.203922,16,18.063662876425695,275.85286576009594,91.8205449143894,0.638512134552002,0.7404464483261108,-0.03816651925444603 
0:00:03.203922,17,151.85521620968512,70.27054374643333,260.3983402102619,0.605064332485199,0.7461047172546387,-0.048743609338998795 
0:00:03.203922,18,171.23310759724413,76.82467261373225,267.9565919604089,0.5818033814430237,0.7469346523284912,-0.05412523075938225 
0:00:03.203922,19,196.72815263263712,78.59625598900617,273.32266309628125,0.5618778467178345,0.7457778453826904,-0.0579741969704628 
0:00:03.203922,20,None,None,None,0.5618778467178345,0.7457778453826904,-0.0579741969704628 
0:00:03.253006,0,306.03413720289336,58.06587550700841,296.7489783807615,0.6654060482978821,0.6836572289466858,0.015496892854571342 
0:00:03.253006,1,16.889785325722954,84.47258549087519,268.38953513132816,0.6152657866477966,0.6850669384002686,0.020139768719673157 
0:00:03.253006,2,13.662824313400696,86.34685595629153,269.1359934688555,0.5800821781158447,0.6855975389480591,0.022322533652186394 
0:00:03.253006,3,268.6125652399805,76.15535375564534,283.84074341677945,0.5557412505149841,0.6796004772186279,0.022177284583449364 
0:00:03.253006,4,185.78094121412428,305.2501425227956,85.92821012855782,0.6012908220291138,0.6763579845428467,-0.009850422851741314 
0:00:03.253006,5,124.53326123464653,65.17063354556714,249.13514134193332,0.5574769973754883,0.6930580735206604,-0.021342355757951736 
0:00:03.253006,6,121.11612484953545,66.9573654885202,249.99069484614643,0.5262714624404907,0.7044216990470886,-0.028201695531606674 
0:00:03.253006,7,116.49997956662703,64.89470624718747,247.25077987245257,0.5020517110824585,0.7145774960517883,-0.03326518461108208 
0:00:03.253006,8,293.7184768760913,282.5753036776382,78.45713321975248,0.6094049215316772,0.6926525831222534,-0.023632386699318886 
0:00:03.253006,9,138.41546026867863,69.7009830278957,256.20634345176916,0.5593047738075256,0.7049524784088135,-0.03749362379312515 
0:00:03.253006,10,122.38088325772696,66.36743959993365,249.7193395957383,0.5250392556190491,0.7176145315170288,-0.04552328214049339 
0:00:03.253006,11,118.5536554015389,63.49896888872188,246.34856154875672,0.49829357862472534,0.7293280363082886,-0.051897406578063965 
0:00:03.253006,12,318.0327878634294,280.34965910444816,83.03733628751931,0.6224141716957092,0.7141700387001038,-0.03504335880279541 
0:00:03.253006,13,143.64762441068117,71.57941249970378,258.83237749086186,0.5750370621681213,0.7235231399536133,-0.04775169864296913 
0:00:03.253006,14,131.90480977576706,69.65929390618282,254.5753008776365,0.5442055463790894,0.7320298552513123,-0.05538562685251236 
0:00:03.253006,15,137.71508700995653,71.43823602861808,257.26899408733584,0.5210362672805786,0.7372644543647766,-0.061141420155763626 
0:00:03.253006,16,12.232429822856488,278.38042903171527,91.78781973665139,0.6390827298164368,0.7409490942955017,-0.0441458635032177 
0:00:03.253006,17,158.87462801060892,65.50625356590717,260.67520039978984,0.6056737899780273,0.7464348673820496,-0.058343853801488876 
0:00:03.253006,18,175.69696662644859,70.33825003554078,268.46434387687464,0.5821020007133484,0.7470667958259583,-0.06674228608608246 
0:00:03.253006,19,192.45921501342252,73.1295962427364,273.7433277045527,0.5619703531265259,0.7457496523857117,-0.07270361483097076 
0:00:03.253006,20,None,None,None,0.5619703531265259,0.7457496523857117,-0.07270361483097076 
0:00:03.302225,0,290.31509236912643,59.563827322381265,298.8547065140939,0.6675151586532593,0.683409571647644,0.008293298073112965 
0:00:03.302225,1,16.489937181787415,86.6462281477611,269.04704127925044,0.6154348254203796,0.6842758655548096,0.011219744570553303 
0:00:03.302225,2,57.463216227823686,86.6851941591589,267.20456327417355,0.5799393653869629,0.6860090494155884,0.012325469404459 
0:00:03.302225,3,265.18603166454056,79.62176577189581,280.34241571476633,0.5556403398513794,0.6815745830535889,0.011952008120715618 
0:00:03.302225,4,188.16729129285022,292.1807536256325,86.68515871507445,0.6017324328422546,0.6789049506187439,-0.006649171933531761 
0:00:03.302225,5,124.36919714511087,66.51770285544046,250.27224927204963,0.5582921504974365,0.6944825649261475,-0.017303090542554855 
0:00:03.302225,6,121.80863971734472,65.02439653571241,248.40465805784422,0.5270421504974365,0.706852376461029,-0.024975281208753586 
0:00:03.302225,7,116.40047873102048,62.94746083437084,245.41964310328646,0.5021448731422424,0.7182409167289734,-0.030628720298409462 
0:00:03.302225,8,302.46763188478997,283.6427333295792,78.42710992881483,0.6087214350700378,0.696416437625885,-0.016742320731282234 
0:00:03.302225,9,132.9989979824279,71.18535561452721,256.00767196893497,0.5605343580245972,0.7084239721298218,-0.02793913520872593 
0:00:03.302225,10,119.88750328544509,65.6887377313739,248.6110548109585,0.5269326567649841,0.7215848565101624,-0.03550316020846367 
0:00:03.302225,11,116.40091424323384,63.54418729863116,245.97652505143557,0.49973049759864807,0.7337093949317932,-0.0415220744907856 
0:00:03.302225,12,314.9221540378558,280.54056555148037,82.494450444092,0.6203688979148865,0.7178151607513428,-0.02567097172141075 
0:00:03.302225,13,137.72369015901532,74.20495944701021,259.22578116305294,0.5751678347587585,0.7264166474342346,-0.03513173758983612 
0:00:03.302225,14,122.0760097386935,70.91111611927552,253.65700615507262,0.5460642576217651,0.734950840473175,-0.040480248630046844 
0:00:03.302225,15,127.42030633968027,72.80016794058848,256.1881319542463,0.5229389071464539,0.7406360507011414,-0.044830113649368286 
0:00:03.302225,16,16.643432795087122,275.92981666654214,91.70397433764094,0.6360202431678772,0.7440000772476196,-0.03357687592506409 
0:00:03.302225,17,150.91278313191333,70.371312578124,260.1637770903334,0.604049563407898,0.7495431900024414,-0.043541114777326584 
0:00:03.302225,18,170.01172615416328,76.8094611626587,267.67213249778587,0.5818374752998352,0.7504461407661438,-0.048668138682842255 
0:00:03.302225,19,198.5779540417185,78.46286336087566,273.7209270328542,0.5626529455184937,0.7491984963417053,-0.052380163222551346 
0:00:03.302225,20,None,None,None,0.5626529455184937,0.7491984963417053,-0.052380163222551346 
0:00:03.351564,0,295.6931069328441,57.75441767493164,299.61706282420073,0.667561411857605,0.6836360096931458,0.010892901569604874 
0:00:03.351564,1,28.543157610955134,85.18639691629275,267.69577767972567,0.6161127686500549,0.6857061982154846,0.01469887513667345 
0:00:03.351564,2,37.35724636660663,86.29451011952737,267.7495900914868,0.5810452103614807,0.6870842576026917,0.016504092141985893 
0:00:03.351564,3,269.9499823130011,76.20853949581375,283.79145544971846,0.5569151639938354,0.6811611652374268,0.016498921439051628 
0:00:03.351564,4,187.4968174582382,299.08699600965247,85.84872222370115,0.600807785987854,0.6779754161834717,-0.007709635887295008 
0:00:03.351564,5,123.73012787843679,66.1372446940719,249.8016638157198,0.5570393800735474,0.6940776109695435,-0.018460702151060104 
0:00:03.351564,6,120.13935137343576,65.07772768267475,248.1078333782993,0.525976300239563,0.706559956073761,-0.025707922875881195 
0:00:03.351564,7,114.76807052931996,61.818748352209084,244.05759746025717,0.5015740990638733,0.7184313535690308,-0.031185252591967583 
0:00:03.351564,8,296.7162309784272,283.9961962523526,77.44795949773413,0.6080387234687805,0.6947272419929504,-0.019254911690950394 
0:00:03.351564,9,133.34007086628708,70.53200727675916,255.58202510908302,0.5585194230079651,0.7074581980705261,-0.031268779188394547 
0:00:03.351564,10,119.1991077356015,64.52384444924697,247.4165846138327,0.5251001715660095,0.7213579416275024,-0.03903679922223091 
0:00:03.351564,11,115.08479480214868,61.132647294007086,243.4675089207149,0.4984515905380249,0.7346633076667786,-0.045265182852745056 
0:00:03.351564,12,311.509671077112,281.25927796033847,81.52077285117768,0.6201262474060059,0.7165240049362183,-0.02921142429113388 
0:00:03.351564,13,138.24170311001242,72.77207402824004,258.3316507452188,0.5735223293304443,0.7261483669281006,-0.03999146819114685 
0:00:03.351564,14,125.06503840135623,69.12372905512566,252.66338146213133,0.5439594984054565,0.7353768944740295,-0.04646897688508034 
0:00:03.351564,15,127.98993437684534,70.1345019210669,254.10525147744494,0.521101713180542,0.7418858408927917,-0.051552481949329376 
0:00:03.351564,16,6.646542409162805,276.930065567654,90.80599520059637,0.6362504363059998,0.7435057759284973,-0.037650708109140396 
0:00:03.351564,17,154.62854430759424,68.33954138957795,260.34235101581527,0.6033039093017578,0.7491123676300049,-0.0494733601808548 
0:00:03.351564,18,168.54249630874762,73.44231671211011,266.62016526387964,0.5805814266204834,0.750454306602478,-0.05609433352947235 
0:00:03.351564,19,190.04251570604413,76.06548435569258,272.4774090644245,0.560981810092926,0.7496063113212585,-0.060882773250341415 
0:00:03.351564,20,None,None,None,0.560981810092926,0.7496063113212585,-0.060882773250341415 
